19262003 74883004 195258006 429679003 699115002 139301000119100
14336007 75878002 175282008 195268001 233374003 233376001 233377005 233985008 275037003 307701005 314186008 315295003 425771001 429167002 429205001 438361005 441612006 444588006 698356002 698357006 698996009 698995008 698994007 698992006 699114003 699667004 139941000119104 707305005 715364001





14336007 75878002 175282008 195268001 233374003 233376001 233377005 233985008 275037003 307701005 314186008 315295003 425771001 429167002 429205001 438361005 441612006 444588006 698356002 698357006 698996009 698995008 698994007 698992006 699114003 699667004 139941000119104 707305005 715364001

14336007 75878002 175282008 195268001 233374003 233376001 233377005 233985008 275037003 307701005 314186008 315295003 425771001 429167002 429205001 438361005 441612006 444588006 698356002 698357006 698996009 698995008 698994007 698992006 699114003 699667004 139941000119104 707305005 715364001




14336007 75878002 175282008 195268001 233374003 233376001 233377005 233985008 275037003 307701005 314186008 315295003 425771001 429167002 429205001 438361005 441612006 444588006 698356002 698357006 698996009 698995008 698994007 698992006 699114003 699667004 139941000119104 707305005 715364001

14336007 75878002 175282008 195268001 233374003 233376001 233377005 233985008 275037003 307701005 314186008 315295003 425771001 429167002 429205001 438361005 441612006 444588006 698356002 698357006 698996009 698995008 698994007 698992006 699114003 699667004 139941000119104 707305005 715364001

14336007 75878002 175282008 195268001 233374003 233376001 233377005 233985008 275037003 307701005 314186008 315295003 425771001 429167002 429205001 438361005 441612006 444588006 698356002 698357006 698996009 698995008 698994007 698992006 699114003 699667004 139941000119104 707305005 715364001
14336007 75878002 175282008 195268001 233374003 233376001 233377005 233985008 275037003 307701005 314186008 315295003 425771001 429167002 429205001 438361005 441612006 444588006 698356002 698357006 698996009 698995008 698994007 698992006 699114003 699667004 139941000119104 707305005 715364001


14336007 75878002 175282008 195268001 233374003 233376001 233377005 233985008 275037003 307701005 314186008 315295003 425771001 429167002 429205001 438361005 441612006 444588006 698356002 698357006 698996009 698995008 698994007 698992006 699114003 699667004 139941000119104 707305005 715364001


14336007 75878002 175282008 195268001 233374003 233376001 233377005 233985008 275037003 307701005 314186008 315295003 425771001 429167002 429205001 438361005 441612006 444588006 698356002 698357006 698996009 698995008 698994007 698992006 699114003 699667004 139941000119104 707305005 715364001
14336007 75878002 175282008 195268001 233374003 233376001 233377005 233985008 275037003 307701005 314186008 315295003 425771001 429167002 429205001 438361005 441612006 444588006 698356002 698357006 698996009 698995008 698994007 698992006 699114003 699667004 139941000119104 707305005 715364001
14336007 75878002 175282008 195268001 233374003 233376001 233377005 233985008 275037003 307701005 314186008 315295003 425771001 429167002 429205001 438361005 441612006 444588006 698356002 698357006 698996009 698995008 698994007 698992006 699114003 699667004 139941000119104 707305005 715364001
14336007 75878002 175282008 195268001 233374003 233376001 233377005 233985008 275037003 307701005 314186008 315295003 425771001 429167002 429205001 438361005 441612006 444588006 698356002 698357006 698996009 698995008 698994007 698992006 699114003 699667004 139941000119104 707305005 715364001



14336007 75878002 175282008 195268001 233374003 233376001 233377005 233985008 275037003 307701005 314186008 315295003 425771001 429167002 429205001 438361005 441612006 444588006 698356002 698357006 698996009 698995008 698994007 698992006 699114003 699667004 139941000119104 707305005 715364001

14336007 75878002 175282008 195268001 233374003 233376001 233377005 233985008 275037003 307701005 314186008 315295003 425771001 429167002 429205001 438361005 441612006 444588006 698356002 698357006 698996009 698995008 698994007 698992006 699114003 699667004 139941000119104 707305005 715364001



14336007 75878002 175282008 195268001 233374003 233376001 233377005 233985008 275037003 307701005 314186008 315295003 425771001 429167002 429205001 438361005 441612006 444588006 698356002 698357006 698996009 698995008 698994007 698992006 699114003 699667004 139941000119104 707305005 715364001
9274004 11516009 12253004 13532002 15946006 17309004 19953008 21574003 23617000 28856006 32252002 45874007 46013000 50075004 56834002 57365007 75533008 77163008 79553004 112819006 428998009 429805005 433039006 431477001 433595005 434121009 433598007 433689002 433041007 431754000 433780006 431893000 433806009 433796009 431879007 434376005 434377001 433765000 433766004 434297008 432558003 432790005 433781005 433633006 433589009 433634000 432035008 433596006 431800007 434432002 705015009 715765002
14336007 75878002 175282008 195268001 233374003 233376001 233377005 233985008 275037003 307701005 314186008 315295003 425771001 429167002 429205001 438361005 441612006 444588006 698356002 698357006 698996009 698995008 698994007 698992006 699114003 699667004 139941000119104 707305005 715364001


14336007 75878002 175282008 195268001 233374003 233376001 233377005 233985008 275037003 307701005 314186008 315295003 425771001 429167002 429205001 438361005 441612006 444588006 698356002 698357006 698996009 698995008 698994007 698992006 699114003 699667004 139941000119104 707305005 715364001
14336007 75878002 175282008 195268001 233374003 233376001 233377005 233985008 275037003 307701005 314186008 315295003 425771001 429167002 429205001 438361005 441612006 444588006 698356002 698357006 698996009 698995008 698994007 698992006 699114003 699667004 139941000119104 707305005 715364001
38341003 170581003 170582005 163028000



14336007 75878002 175282008 195268001 233374003 233376001 233377005 233985008 275037003 307701005 314186008 315295003 425771001 429167002 429205001 438361005 441612006 444588006 698356002 698357006 698996009 698995008 698994007 698992006 699114003 699667004 139941000119104 707305005 715364001
14336007 75878002 175282008 195268001 233374003 233376001 233377005 233985008 275037003 307701005 314186008 315295003 425771001 429167002 429205001 438361005 441612006 444588006 698356002 698357006 698996009 698995008 698994007 698992006 699114003 699667004 139941000119104 707305005 715364001

14336007 75878002 175282008 195268001 233374003 233376001 233377005 233985008 275037003 307701005 314186008 315295003 425771001 429167002 429205001 438361005 441612006 444588006 698356002 698357006 698996009 698995008 698994007 698992006 699114003 699667004 139941000119104 707305005 715364001
14336007 75878002 175282008 195268001 233374003 233376001 233377005 233985008 275037003 307701005 314186008 315295003 425771001 429167002 429205001 438361005 441612006 444588006 698356002 698357006 698996009 698995008 698994007 698992006 699114003 699667004 139941000119104 707305005 715364001
14336007 75878002 175282008 195268001 233374003 233376001 233377005 233985008 275037003 307701005 314186008 315295003 425771001 429167002 429205001 438361005 441612006 444588006 698356002 698357006 698996009 698995008 698994007 698992006 699114003 699667004 139941000119104 707305005 715364001
315619001 315620007 315621006 315622004 315623009 315625002 315626001 315627005 416072008 420259009 438825005 439724007 401066000 143461000119107 154141000119104
14336007 75878002 175282008 195268001 233374003 233376001 233377005 233985008 275037003 307701005 314186008 315295003 425771001 429167002 429205001 438361005 441612006 444588006 698356002 698357006 698996009 698995008 698994007 698992006 699114003 699667004 139941000119104 707305005 715364001
14336007 75878002 175282008 195268001 233374003 233376001 233377005 233985008 275037003 307701005 314186008 315295003 425771001 429167002 429205001 438361005 441612006 444588006 698356002 698357006 698996009 698995008 698994007 698992006 699114003 699667004 139941000119104 707305005 715364001

14336007 75878002 175282008 195268001 233374003 233376001 233377005 233985008 275037003 307701005 314186008 315295003 425771001 429167002 429205001 438361005 441612006 444588006 698356002 698357006 698996009 698995008 698994007 698992006 699114003 699667004 139941000119104 707305005 715364001
14336007 75878002 175282008 195268001 233374003 233376001 233377005 233985008 275037003 307701005 314186008 315295003 425771001 429167002 429205001 438361005 441612006 444588006 698356002 698357006 698996009 698995008 698994007 698992006 699114003 699667004 139941000119104 707305005 715364001
14336007 75878002 175282008 195268001 233374003 233376001 233377005 233985008 275037003 307701005 314186008 315295003 425771001 429167002 429205001 438361005 441612006 444588006 698356002 698357006 698996009 698995008 698994007 698992006 699114003 699667004 139941000119104 707305005 715364001
42182000 45894003 233864007 234021009
14336007 75878002 175282008 195268001 233374003 233376001 233377005 233985008 275037003 307701005 314186008 315295003 425771001 429167002 429205001 438361005 441612006 444588006 698356002 698357006 698996009 698995008 698994007 698992006 699114003 699667004 139941000119104 707305005 715364001

14336007 75878002 175282008 195268001 233374003 233376001 233377005 233985008 275037003 307701005 314186008 315295003 425771001 429167002 429205001 438361005 441612006 444588006 698356002 698357006 698996009 698995008 698994007 698992006 699114003 699667004 139941000119104 707305005 715364001
38341003 170581003 170582005 163028000
14336007 75878002 175282008 195268001 233374003 233376001 233377005 233985008 275037003 307701005 314186008 315295003 425771001 429167002 429205001 438361005 441612006 444588006 698356002 698357006 698996009 698995008 698994007 698992006 699114003 699667004 139941000119104 707305005 715364001
42182000 45894003 233864007 234021009

183413003


14336007 75878002 175282008 195268001 233374003 233376001 233377005 233985008 275037003 307701005 314186008 315295003 425771001 429167002 429205001 438361005 441612006 444588006 698356002 698357006 698996009 698995008 698994007 698992006 699114003 699667004 139941000119104 707305005 715364001

24227007 46032006 64723006 231245004 280299003 280300006 42998008 399623007 731050007

14336007 75878002 175282008 195268001 233374003 233376001 233377005 233985008 275037003 307701005 314186008 315295003 425771001 429167002 429205001 438361005 441612006 444588006 698356002 698357006 698996009 698995008 698994007 698992006 699114003 699667004 139941000119104 707305005 715364001

14336007 75878002 175282008 195268001 233374003 233376001 233377005 233985008 275037003 307701005 314186008 315295003 425771001 429167002 429205001 438361005 441612006 444588006 698356002 698357006 698996009 698995008 698994007 698992006 699114003 699667004 139941000119104 707305005 715364001

14336007 75878002 175282008 195268001 233374003 233376001 233377005 233985008 275037003 307701005 314186008 315295003 425771001 429167002 429205001 438361005 441612006 444588006 698356002 698357006 698996009 698995008 698994007 698992006 699114003 699667004 139941000119104 707305005 715364001
440208004
14336007 75878002 175282008 195268001 233374003 233376001 233377005 233985008 275037003 307701005 314186008 315295003 425771001 429167002 429205001 438361005 441612006 444588006 698356002 698357006 698996009 698995008 698994007 698992006 699114003 699667004 139941000119104 707305005 715364001
14336007 75878002 175282008 195268001 233374003 233376001 233377005 233985008 275037003 307701005 314186008 315295003 425771001 429167002 429205001 438361005 441612006 444588006 698356002 698357006 698996009 698995008 698994007 698992006 699114003 699667004 139941000119104 707305005 715364001
14336007 75878002 175282008 195268001 233374003 233376001 233377005 233985008 275037003 307701005 314186008 315295003 425771001 429167002 429205001 438361005 441612006 444588006 698356002 698357006 698996009 698995008 698994007 698992006 699114003 699667004 139941000119104 707305005 715364001
14336007 75878002 175282008 195268001 233374003 233376001 233377005 233985008 275037003 307701005 314186008 315295003 425771001 429167002 429205001 438361005 441612006 444588006 698356002 698357006 698996009 698995008 698994007 698992006 699114003 699667004 139941000119104 707305005 715364001
14336007 75878002 175282008 195268001 233374003 233376001 233377005 233985008 275037003 307701005 314186008 315295003 425771001 429167002 429205001 438361005 441612006 444588006 698356002 698357006 698996009 698995008 698994007 698992006 699114003 699667004 139941000119104 707305005 715364001
14336007 75878002 175282008 195268001 233374003 233376001 233377005 233985008 275037003 307701005 314186008 315295003 425771001 429167002 429205001 438361005 441612006 444588006 698356002 698357006 698996009 698995008 698994007 698992006 699114003 699667004 139941000119104 707305005 715364001


14336007 75878002 175282008 195268001 233374003 233376001 233377005 233985008 275037003 307701005 314186008 315295003 425771001 429167002 429205001 438361005 441612006 444588006 698356002 698357006 698996009 698995008 698994007 698992006 699114003 699667004 139941000119104 707305005 715364001


14336007 75878002 175282008 195268001 233374003 233376001 233377005 233985008 275037003 307701005 314186008 315295003 425771001 429167002 429205001 438361005 441612006 444588006 698356002 698357006 698996009 698995008 698994007 698992006 699114003 699667004 139941000119104 707305005 715364001





