
246376007 260894009 260900009 260903006

397618002 424620000 424482002



















216954001 216955000











225943002 225956009 78648007 407560009 413590008 702480009 702479006 704360006 704418008 707085002 711126000







8098009










3469002 5083008 6500006 6821004 11406003 14020004 22045003 25515000 26876007 28571002 29673001 31577002 33047005 34384008 35847008 38305003 42066004 42367004 43138003 46541008 47255005 52899007 53080007 54296007 54975007 55030004 57266005 57332004 59684006 62537000 62738008 66535005 67781003 68140000 70505006 73948007 80027000 81152009 86089006 88756008 89266005 110172003 110176000 110180005 110184001 110188003 110192005 110196008 110200003 110204007 110208005 110212004 110216001 110220002 110224006 110228009 110232003 110235001 111720005 211691005 275450006 287140008 403191005 438482000 446905000 473254000 473273001 473251008 473249009 473245003 473262008 473269004 473258002
25805003 70887009 210563002 211904008 211912000 211930007 211941009 238387007 238398008 249758004 283036000 283085005 283162007 283203007 283252006 283291001 283333002 283349000 283374002 283418006 283468003 283519001 283568001 283618004 283663003 283707007 283756008 283811007 298082009 362747002 368412002 373580004 373593009 29418006 76430003 89661005 443339000 16314751000119104 16314711000119100



238395006






3469002 5083008 6500006 6821004 11406003 14020004 22045003 25515000 26876007 28571002 29673001 31577002 33047005 34384008 35847008 38305003 42066004 42367004 43138003 46541008 47255005 52899007 53080007 54296007 54975007 55030004 57266005 57332004 59684006 62537000 62738008 66535005 67781003 68140000 70505006 73948007 80027000 81152009 86089006 88756008 89266005 110172003 110176000 110180005 110184001 110188003 110192005 110196008 110200003 110204007 110208005 110212004 110216001 110220002 110224006 110228009 110232003 110235001 111720005 211691005 275450006 287140008 403191005 438482000 446905000 473254000 473273001 473251008 473249009 473245003 473262008 473269004 473258002

225943002 225956009 78648007 407560009 413590008 702480009 702479006 704360006 704418008 707085002 711126000






3469002 5083008 6500006 6821004 11406003 14020004 22045003 25515000 26876007 28571002 29673001 31577002 33047005 34384008 35847008 38305003 42066004 42367004 43138003 46541008 47255005 52899007 53080007 54296007 54975007 55030004 57266005 57332004 59684006 62537000 62738008 66535005 67781003 68140000 70505006 73948007 80027000 81152009 86089006 88756008 89266005 110172003 110176000 110180005 110184001 110188003 110192005 110196008 110200003 110204007 110208005 110212004 110216001 110220002 110224006 110228009 110232003 110235001 111720005 211691005 275450006 287140008 403191005 438482000 446905000 473254000 473273001 473251008 473249009 473245003 473262008 473269004 473258002















16100001








