



18418004 62944002 121185009 121204002 121022006 116893005 116921004 116926009 116932004 122366001 122367005 118035008 122345009 122346005 122347001 122348006 72165005 187033005 243606007 372252009 397662006 406104003 406105002 444563003 603414004 603428005 603422006 603430007 603433009 603420003 603417006 603423001 603425008 603427000 603418001 603432004 603421004 603415003 603426009 603416002 603429002 603424007 603419009 603431006 603413005 703888000 709832003 709834002 709831005 709833008 710451000 710652004 712516001 714013001 714427003 714426007 720108005 720107000 722794000 726592002



442134007
53057004 92730009 181027009 181030002 181037004 181038009 181039001 181040004 181041000 201488005 202151000 211311003 217908003 231148008 231154009 231155005 239241005 239242003 249751005 249758004 268117002 269715009 277899003 283160004 283161000 283162007 283201009 283202002 283203007 283250003 283251004 283252006 283289009 283290000 283291001 283647006 299043001 315036008 347546005 371104006 402190004 402231007 402286008 428363001 287116000 710961002 724800005 724798003 727561006 727564003 727569008 727570009 727571008 727572001 727573006 728788001
9953008 41309000 50325005 713181003 713370005 722866000
77091003 77702009






9953008 41309000 50325005 713181003 713370005 722866000







79890006
79890006

79890006



79720007 197279005 197324004 197359004 197360009 197361008 328383001 444918006 1092801000119102 713181003 713370005










161466001 266890009

10335000 44313006 66989003 80479009 128404006 359617009 426012001 83291003 23341000119109















75975003 85649008 190633005 230567006










171223006 194828000 266882009 266895004 266896003 297242006 308068007 315610002 414545008 413439005 413838009 426579008 275931000 699245006 713405002 713678009 712866001








266882009 297242006 429958001 429959009 433305001 64041000119100
5091004 127014009 134379001 233958001 308071004 400047006 399957001 413988000 428171009 473109007 34881000119105 102631000119103 31211000119101


171223006 194828000 266882009 266895004 266896003 297242006 308068007 315610002 414545008 413439005 413838009 426579008 275931000 699245006 713405002 713678009 712866001
79389008 399357009











233844002 240567009 304915008 371803003 371804009 371915000 194842008 194843003 233817007 53741008 420006002 428375006 428308007 430091005 472100003 473146006 473449006 699196002 703273002 703356002
