


233817007





















38341003 170581003 170582005 163028000











109659002









268519009 165681007





130989002




108665006 290369007 292111004 293654003 295371005 372525000















233844002 240567009 304915008 371803003 371804009 371915000 194842008 194843003 233817007 53741008 420006002 428375006 428308007 430091005 472100003 473146006 473449006 699196002 703273002 703356002
162783008 15929861000119106




15713121000119105 15713081000119108




59931005 704996001

38341003 170581003 170582005 163028000











274668005 426396005
