













3424008 6285003 428586009
























63739005 123641001 123642008 408546009 23311000119105 17531000119105 78741000119103 703356002 15713121000119105 15713081000119108 713617008 117051000119103

















24184005








228557008 302230009 304891004 311594008 425680009 429329005 444175001 718026005


19995004 173605003 235626005 235627001







183383008


47505003 318784009 443919007 446180007 446175003












228557008 302230009 304891004 311594008 425680009 429329005 444175001 718026005






