





228557008 302230009 304891004 311594008 425680009 429329005 444175001 718026005
191519005 273549005 6475002 66108005 425390006 416780008 416975007 698949001 698955006 698954005 698948009 82361000119107 715454006 7121000122100 716610001 717679002



225384009
79890006

192611004 386810004



25501002 64165008
21897009 445455005 445598007 704501007 715508000



446050000 709006008











15193003 20250007 33078009 33736005 60099002 77911002
267024001 421695000 430237002
10743008 197125005 235838003 235839006 235840008 429964008 440544005 440630006 70871000119100
















21897009 445455005 445598007 704501007 715508000
228557008 302230009 304891004 311594008 425680009 429329005 444175001 718026005
21897009 445455005 445598007 704501007 715508000
228557008 302230009 304891004 311594008 425680009 429329005 444175001 718026005
228557008 302230009 304891004 311594008 425680009 429329005 444175001 718026005


21897009 445455005 445598007 704501007 715508000
228557008 302230009 304891004 311594008 425680009 429329005 444175001 718026005


16266991000119108


225508006

25501002 64165008
25501002 64165008




21897009 445455005 445598007 704501007 715508000





390950008 391193001

306805000 306806004 35044000 19861002 285785004


228557008 302230009 304891004 311594008 425680009 429329005 444175001 718026005
21897009 445455005 445598007 704501007 715508000
163649000 250069006 279070004 427194007
446050000 709006008


52910006






