18546004 19833008 36033003 44993000 60573004 71799002 81552002 194987006 233862006 427515002 429952000 472847005 703236000 703170006 703297006 703223000
72352009 233862006 449116007 448819009 448790004 460517008 722211006
78275009 232531007 1101000119103 1091000119108 101301000119106 16275741000119100










17759006 44993000 71799002 72011007 81552002 194984004 703236000
17759006 44993000 71799002 72011007 81552002 194984004 703236000









174997007 253546004 428589002 445235006 445001003 445003000 445131007 445453003 445454009 445310002 449118008 448778001 448823001 470753008 472787007
360465008








95281009 117361000119104

360465008
252195001 46136006 428813002
233844002 240567009 304915008 371803003 371804009 371915000 194842008 194843003 233817007 53741008 420006002 428375006 428308007 430091005 472100003 473146006 473449006 699196002 703273002 703356002





16063004 20005002 23685000 46165000 61012002 87648004 89456004 111284004 312591002
3424008 6285003




6180003 14718009 30667004 32758004 38566003 43906007 46319007 63467002 164909002 195046004 251120003 445263008 445393004 733534002
53741008




233844002 240567009 304915008 371803003 371804009 371915000 194842008 194843003 233817007 53741008 420006002 428375006 428308007 430091005 472100003 473146006 473449006 699196002 703273002 703356002










720575002
26212005 52247003 174927000 174928005 174929002 232838006 232842009 232845006 232846007 232847003 232848008 232849000 275199000 275200002 275201003 275202005 308663002 357575008 358571002 428501002 441873006 441895005 449338000 1231000119100 125411000119107 97021000119102 53391000119100 703173008 725351001




427515002

195020003 233873004















18546004 19833008 36033003 44993000 60573004 71799002 81552002 194987006 233862006 427515002 429952000 472847005 703236000 703170006 703297006 703223000








