

135833008 161941007 267036007 60845006

708248004







9953008 197358007 713370005


8819001 9971001 17672001



9953008 197358007 713370005

235859005

9953008 197358007 713370005










135833008 161941007 267036007 60845006








119247004

9953008 197358007 713370005










55442000

12763006 271870002 45007003 163022004 163023009 163024003 472960000










10335000 44313006 66989003 80479009 128404006 359617009 426012001 83291003 23341000119109





55442000



10335000 44313006 66989003 80479009 128404006 359617009 426012001 83291003 23341000119109





233445008 397423009 431894006 433157005 431192008 432689006 433593003 433219004 431726007 440517000 703105002 711504009
17920008
17920008
204461004 307223005 307224004 57348003 396102001 397098004 397149006 397150006
303082009
86318000 722919003

55442000

55442000


10335000 66989003


