




135833008 161941007 267036007 60845006


85680003

















78275009 232531007 1101000119103 1091000119108 101301000119106 16275741000119100










124991000119109 10675991000119100 10675911000119109 10674711000119105 10675551000119104 10675431000119106 10675471000119109 10676431000119103 10676511000119109 10675631000119109 10675591000119109 10675671000119107 10675711000119106 708095007
124991000119109 10675991000119100 10675911000119109 10674711000119105 10675551000119104 10675431000119106 10675471000119109 10676431000119103 10676511000119109 10675631000119109 10675591000119109 10675671000119107 10675711000119106 708095007




















135833008 161941007 267036007 60845006
















38341003 170581003 170582005 163028000
225508006

69878008










135833008 161941007 267036007 60845006

135833008 161941007 267036007 60845006
135833008 161941007 267036007 60845006
78275009 232531007 1101000119103 1091000119108 101301000119106 16275741000119100





