










40979000


38341003 170581003 170582005 163028000











38341003 170581003 170582005 163028000
233844002 240567009 304915008 371803003 371804009 371915000 194842008 194843003 233817007 53741008 420006002 428375006 428308007 430091005 472100003 473146006 473449006 699196002 703273002 703356002


705089007 90671000119109
705089007 90671000119109
160273004 160357008 161501007 709881001 59701000119109 16235071000119108










38341003 170581003 170582005 163028000
233844002 240567009 304915008 371803003 371804009 371915000 194842008 194843003 233817007 53741008 420006002 428375006 428308007 430091005 472100003 473146006 473449006 699196002 703273002 703356002

233817007









9422000 15346004 17888004 28036006 77499008 115332003 115333008 121791001 121792008 250742000 250743005 259426004 259557002 259558007 259559004 259560009 259623000 301870008 102737005 104583003 439953004 443835004 448834003 314035000 271059008 314012003 166832000 313811003 104990004 314013008 312260007 167072001 313990000 167073006 166838001 166839009 166842003 313989009 166854003 111231000119109 707123009 707127005 707086001 707126001 707124003 707084003 707128000 707122004 707125002
38341003 170581003 170582005 163028000



170804003 445033007

16208003 39545002 61745006 82285009 183061003 226109004 226111008 226112001 226113006


2004005 12929001 53813002 163025002 707304009
38341003 170581003 170582005 163028000

446050000 709006008
251042004 399957001


69878008






266882009 297242006 64041000119100

266900000 13200003





78275009 232531007 1101000119103 1091000119108 101301000119106 16275741000119100

38341003 170581003 170582005 163028000
233844002 240567009 304915008 371803003 371804009 371915000 194842008 194843003 233817007 53741008 420006002 428375006 428308007 430091005 472100003 473146006 473449006 699196002 703273002 703356002




78885002 105636004



