38341003 170581003 170582005 163028000



6497000 35425004 48499001 60621009 162863004 162864005 301331008 310252000 408512008 412768003 427090001 446974000 448051009 698094009 701072008 705131003 715456008 722562008 722563003 722595002





391040000 716363001

282825002

167025001 167026000




38341003 170581003 170582005 163028000
233844002 240567009 304915008 371803003 371804009 371915000 194842008 194843003 233817007 53741008 420006002 428375006 428308007 430091005 472100003 473146006 473449006 699196002 703273002 703356002
78275009 232531007 1101000119103 1091000119108 101301000119106 16275741000119100

38341003 170581003 170582005 163028000
38341003 170581003 170582005 163028000


38341003 170581003 170582005 163028000








161505003 309634009 429959009 433305001
428630002











2598006 26004008



175146007 429218009 429211003 449863006
















426611007







135833008 161941007 267036007 60845006
175146007 429218009 429211003 449863006











48867003








