

10830002 223419009 304532001 372114004 427541008 441829007 443749004 698527003 699826006 709514005 709511002 709512009 709510001 709515006 709509006 710567009 710563008 710770006 711054005 709513004 711053004 711126000 712804001 713063003 713088006 713139009 713136002 718022007 718855003 718857006 718858001 718859009 718916000













233032004 253346003 253355000 253356004 253357008 253358003 277930000 443706000 445370005 444798002 253337009
3424008 6285003
12867002 199596001 249043002 251670001 251671002 267257007 278082003 278083008 278084002 289339006 289340008 289437007 289438002 289439005 289440007 289441006 289442004 312668007 312977003 364621003 364622005 366337000 421656001 421348006 426538007 427565006 427693000 426704002 426173002








64730000 426285000






64730000 426285000















361137007


195080001
49982000 713423005

8074002 233858000 250989005 276795005 409712001 286031000119106 703359009 721841001



312442005 429218009 433276002





















135833008 161941007 267036007 60845006












195080001

3424008 6285003


