7824000 10870009 11748006 17394001 21526003 23970008 30123000 60732002 70142008 89222008 95268002 112811009 174866007 194863005 204315000 233006005 233007001 247394006 253371000 253373002 253416000 301130004 310400003 310442001 310443006 47195003 405752007 429278003 432114008 442456000 448118003 448814004 461092004 471279005 698590007 699078008 701993008 721978002 723089002 725145002 725911008

14718009 38566003 41863008 43906007 66568003 76887001 251124007 713426002
7824000 10870009 11748006 17394001 21526003 23970008 30123000 60732002 70142008 89222008 95268002 112811009 174866007 194863005 204315000 233006005 233007001 247394006 253371000 253373002 253416000 301130004 310400003 310442001 310443006 47195003 405752007 429278003 432114008 442456000 448118003 448814004 461092004 471279005 698590007 699078008 701993008 721978002 723089002 725145002 725911008



95281009 117361000119104
14718009 38566003 41863008 43906007 66568003 76887001 251124007 713426002
7824000 10870009 11748006 17394001 21526003 23970008 30123000 60732002 70142008 89222008 95268002 112811009 174866007 194863005 204315000 233006005 233007001 247394006 253371000 253373002 253416000 301130004 310400003 310442001 310443006 47195003 405752007 429278003 432114008 442456000 448118003 448814004 461092004 471279005 698590007 699078008 701993008 721978002 723089002 725145002 725911008
7824000 10870009 11748006 17394001 21526003 23970008 30123000 60732002 70142008 89222008 95268002 112811009 174866007 194863005 204315000 233006005 233007001 247394006 253371000 253373002 253416000 301130004 310400003 310442001 310443006 47195003 405752007 429278003 432114008 442456000 448118003 448814004 461092004 471279005 698590007 699078008 701993008 721978002 723089002 725145002 725911008


7824000 10870009 11748006 17394001 21526003 23970008 30123000 60732002 70142008 89222008 95268002 112811009 174866007 194863005 204315000 233006005 233007001 247394006 253371000 253373002 253416000 301130004 310400003 310442001 310443006 47195003 405752007 429278003 432114008 442456000 448118003 448814004 461092004 471279005 698590007 699078008 701993008 721978002 723089002 725145002 725911008



7824000 10870009 11748006 17394001 21526003 23970008 30123000 60732002 70142008 89222008 95268002 112811009 174866007 194863005 204315000 233006005 233007001 247394006 253371000 253373002 253416000 301130004 310400003 310442001 310443006 47195003 405752007 429278003 432114008 442456000 448118003 448814004 461092004 471279005 698590007 699078008 701993008 721978002 723089002 725145002 725911008



7824000 10870009 11748006 17394001 21526003 23970008 30123000 60732002 70142008 89222008 95268002 112811009 174866007 194863005 204315000 233006005 233007001 247394006 253371000 253373002 253416000 301130004 310400003 310442001 310443006 47195003 405752007 429278003 432114008 442456000 448118003 448814004 461092004 471279005 698590007 699078008 701993008 721978002 723089002 725145002 725911008

361138002

361137007


441377000
14718009 30667004 32425009 32758004 38566003 41863008 43906007 46319007 59118001 66568003 76887001 164907000 233919006 251123001 251124007 445263008 445393004 713427006 713426002

7824000 10870009 11748006 17394001 21526003 23970008 30123000 60732002 70142008 89222008 95268002 112811009 174866007 194863005 204315000 233006005 233007001 247394006 253371000 253373002 253416000 301130004 310400003 310442001 310443006 47195003 405752007 429278003 432114008 442456000 448118003 448814004 461092004 471279005 698590007 699078008 701993008 721978002 723089002 725145002 725911008
38341003 170581003 170582005 163028000
2598006 26004008
7824000 10870009 11748006 17394001 21526003 23970008 30123000 60732002 70142008 89222008 95268002 112811009 174866007 194863005 204315000 233006005 233007001 247394006 253371000 253373002 253416000 301130004 310400003 310442001 310443006 47195003 405752007 429278003 432114008 442456000 448118003 448814004 461092004 471279005 698590007 699078008 701993008 721978002 723089002 725145002 725911008
2598006 26004008
7824000 10870009 11748006 17394001 21526003 23970008 30123000 60732002 70142008 89222008 95268002 112811009 174866007 194863005 204315000 233006005 233007001 247394006 253371000 253373002 253416000 301130004 310400003 310442001 310443006 47195003 405752007 429278003 432114008 442456000 448118003 448814004 461092004 471279005 698590007 699078008 701993008 721978002 723089002 725145002 725911008
429278003 698590007




14718009 38566003 41863008 43906007 66568003 76887001 251124007 713426002




253416000 448118003 699078008



7824000 10870009 11748006 17394001 21526003 23970008 30123000 60732002 70142008 89222008 95268002 112811009 174866007 194863005 204315000 233006005 233007001 247394006 253371000 253373002 253416000 301130004 310400003 310442001 310443006 47195003 405752007 429278003 432114008 442456000 448118003 448814004 461092004 471279005 698590007 699078008 701993008 721978002 723089002 725145002 725911008


7824000 10870009 11748006 17394001 21526003 23970008 30123000 60732002 70142008 89222008 95268002 112811009 174866007 194863005 204315000 233006005 233007001 247394006 253371000 253373002 253416000 301130004 310400003 310442001 310443006 47195003 405752007 429278003 432114008 442456000 448118003 448814004 461092004 471279005 698590007 699078008 701993008 721978002 723089002 725145002 725911008
12445005 28886004 30288003 52930005 62118003 75078003 76025005 80387009 80733000 86299006 86971008 89814007 109427000 109428005 123714004 204312002 204330009 109430007 233047008 233099005 233100002 233104006 233127003 233129000 233130005 233846000 253298003 253299006 253300003 253415001 253416000 253417009 253418004 253422009 253515003 253551005 253552003 253553008 253554002 253555001 253556000 253559007 253562005 253563000 253564006 253565007 253566008 253567004 253568009 253569001 253570000 253571001 253591008 360481003 44777001 7484005 94706008 373131000 384648009 439707001 439714004 442087005 443260009 445299003 445264002 445334007 253420001 253419007 447698003 449385006 449525009 449526005 448827000 448062009 449190000 448794008 448871001 448876006 447941008 447942001 449524008 449379004 448155003 447852001 448118003 447670001 447671002 447672009 447675006 448331000 448201009 448780007 448411000 449503003 447777009 447778004 449178002 448475002 448516008 447838003 447839006 448182006 448183001 448184007 253421002 448919005 459161004 459172009 459181003 460358000 472770005 472771009 472795006 472796007 472807003 473118009 471280008 698944006 699078008 37851000119107 703519007 704450003
7824000 10870009 11748006 17394001 21526003 23970008 30123000 60732002 70142008 89222008 95268002 112811009 174866007 194863005 204315000 233006005 233007001 247394006 253371000 253373002 253416000 301130004 310400003 310442001 310443006 47195003 405752007 429278003 432114008 442456000 448118003 448814004 461092004 471279005 698590007 699078008 701993008 721978002 723089002 725145002 725911008
10870009 11748006 21526003 23970008 30123000 112811009 233006005 47195003 429278003 699078008
7824000 10870009 11748006 17394001 21526003 23970008 30123000 60732002 70142008 89222008 95268002 112811009 174866007 194863005 204315000 233006005 233007001 247394006 253371000 253373002 253416000 301130004 310400003 310442001 310443006 47195003 405752007 429278003 432114008 442456000 448118003 448814004 461092004 471279005 698590007 699078008 701993008 721978002 723089002 725145002 725911008
10870009 11748006 21526003 23970008 30123000 112811009 233006005 47195003 429278003 699078008
2598006 26004008
7824000 10870009 11748006 17394001 21526003 23970008 30123000 60732002 70142008 89222008 95268002 112811009 174866007 194863005 204315000 233006005 233007001 247394006 253371000 253373002 253416000 301130004 310400003 310442001 310443006 47195003 405752007 429278003 432114008 442456000 448118003 448814004 461092004 471279005 698590007 699078008 701993008 721978002 723089002 725145002 725911008



397836004
7824000 10870009 11748006 17394001 21526003 23970008 30123000 60732002 70142008 89222008 95268002 112811009 174866007 194863005 204315000 233006005 233007001 247394006 253371000 253373002 253416000 301130004 310400003 310442001 310443006 47195003 405752007 429278003 432114008 442456000 448118003 448814004 461092004 471279005 698590007 699078008 701993008 721978002 723089002 725145002 725911008

7824000 10870009 11748006 17394001 21526003 23970008 30123000 60732002 70142008 89222008 95268002 112811009 174866007 194863005 204315000 233006005 233007001 247394006 253371000 253373002 253416000 301130004 310400003 310442001 310443006 47195003 405752007 429278003 432114008 442456000 448118003 448814004 461092004 471279005 698590007 699078008 701993008 721978002 723089002 725145002 725911008



7824000 10870009 11748006 17394001 21526003 23970008 30123000 60732002 70142008 89222008 95268002 112811009 174866007 194863005 204315000 233006005 233007001 247394006 253371000 253373002 253416000 301130004 310400003 310442001 310443006 47195003 405752007 429278003 432114008 442456000 448118003 448814004 461092004 471279005 698590007 699078008 701993008 721978002 723089002 725145002 725911008
7824000 10870009 11748006 17394001 21526003 23970008 30123000 60732002 70142008 89222008 95268002 112811009 174866007 194863005 204315000 233006005 233007001 247394006 253371000 253373002 253416000 301130004 310400003 310442001 310443006 47195003 405752007 429278003 432114008 442456000 448118003 448814004 461092004 471279005 698590007 699078008 701993008 721978002 723089002 725145002 725911008
7824000 10870009 11748006 17394001 21526003 23970008 30123000 60732002 70142008 89222008 95268002 112811009 174866007 194863005 204315000 233006005 233007001 247394006 253371000 253373002 253416000 301130004 310400003 310442001 310443006 47195003 405752007 429278003 432114008 442456000 448118003 448814004 461092004 471279005 698590007 699078008 701993008 721978002 723089002 725145002 725911008
12445005 28886004 30288003 52930005 62118003 75078003 76025005 80387009 80733000 86299006 86971008 89814007 109427000 109428005 123714004 204312002 204330009 109430007 233047008 233099005 233100002 233104006 233127003 233129000 233130005 233846000 253298003 253299006 253300003 253415001 253416000 253417009 253418004 253422009 253515003 253551005 253552003 253553008 253554002 253555001 253556000 253559007 253562005 253563000 253564006 253565007 253566008 253567004 253568009 253569001 253570000 253571001 253591008 360481003 44777001 7484005 94706008 373131000 384648009 439707001 439714004 442087005 443260009 445299003 445264002 445334007 253420001 253419007 447698003 449385006 449525009 449526005 448827000 448062009 449190000 448794008 448871001 448876006 447941008 447942001 449524008 449379004 448155003 447852001 448118003 447670001 447671002 447672009 447675006 448331000 448201009 448780007 448411000 449503003 447777009 447778004 449178002 448475002 448516008 447838003 447839006 448182006 448183001 448184007 253421002 448919005 459161004 459172009 459181003 460358000 472770005 472771009 472795006 472796007 472807003 473118009 471280008 698944006 699078008 37851000119107 703519007 704450003
7824000 10870009 11748006 17394001 21526003 23970008 30123000 60732002 70142008 89222008 95268002 112811009 174866007 194863005 204315000 233006005 233007001 247394006 253371000 253373002 253416000 301130004 310400003 310442001 310443006 47195003 405752007 429278003 432114008 442456000 448118003 448814004 461092004 471279005 698590007 699078008 701993008 721978002 723089002 725145002 725911008


7824000 10870009 11748006 17394001 21526003 23970008 30123000 60732002 70142008 89222008 95268002 112811009 174866007 194863005 204315000 233006005 233007001 247394006 253371000 253373002 253416000 301130004 310400003 310442001 310443006 47195003 405752007 429278003 432114008 442456000 448118003 448814004 461092004 471279005 698590007 699078008 701993008 721978002 723089002 725145002 725911008

7824000 10870009 11748006 17394001 21526003 23970008 30123000 60732002 70142008 89222008 95268002 112811009 174866007 194863005 204315000 233006005 233007001 247394006 253371000 253373002 253416000 301130004 310400003 310442001 310443006 47195003 405752007 429278003 432114008 442456000 448118003 448814004 461092004 471279005 698590007 699078008 701993008 721978002 723089002 725145002 725911008
7824000 10870009 11748006 17394001 21526003 23970008 30123000 60732002 70142008 89222008 95268002 112811009 174866007 194863005 204315000 233006005 233007001 247394006 253371000 253373002 253416000 301130004 310400003 310442001 310443006 47195003 405752007 429278003 432114008 442456000 448118003 448814004 461092004 471279005 698590007 699078008 701993008 721978002 723089002 725145002 725911008


2598006 26004008
7824000 10870009 11748006 17394001 21526003 23970008 30123000 60732002 70142008 89222008 95268002 112811009 174866007 194863005 204315000 233006005 233007001 247394006 253371000 253373002 253416000 301130004 310400003 310442001 310443006 47195003 405752007 429278003 432114008 442456000 448118003 448814004 461092004 471279005 698590007 699078008 701993008 721978002 723089002 725145002 725911008
7824000 10870009 11748006 17394001 21526003 23970008 30123000 60732002 70142008 89222008 95268002 112811009 174866007 194863005 204315000 233006005 233007001 247394006 253371000 253373002 253416000 301130004 310400003 310442001 310443006 47195003 405752007 429278003 432114008 442456000 448118003 448814004 461092004 471279005 698590007 699078008 701993008 721978002 723089002 725145002 725911008

38341003 170581003 170582005 163028000
2598006 26004008





7824000 10870009 11748006 17394001 21526003 23970008 30123000 60732002 70142008 89222008 95268002 112811009 174866007 194863005 204315000 233006005 233007001 247394006 253371000 253373002 253416000 301130004 310400003 310442001 310443006 47195003 405752007 429278003 432114008 442456000 448118003 448814004 461092004 471279005 698590007 699078008 701993008 721978002 723089002 725145002 725911008
12445005 28886004 30288003 52930005 62118003 75078003 76025005 80387009 80733000 86299006 86971008 89814007 109427000 109428005 123714004 204312002 204330009 109430007 233047008 233099005 233100002 233104006 233127003 233129000 233130005 233846000 253298003 253299006 253300003 253415001 253416000 253417009 253418004 253422009 253515003 253551005 253552003 253553008 253554002 253555001 253556000 253559007 253562005 253563000 253564006 253565007 253566008 253567004 253568009 253569001 253570000 253571001 253591008 360481003 44777001 7484005 94706008 373131000 384648009 439707001 439714004 442087005 443260009 445299003 445264002 445334007 253420001 253419007 447698003 449385006 449525009 449526005 448827000 448062009 449190000 448794008 448871001 448876006 447941008 447942001 449524008 449379004 448155003 447852001 448118003 447670001 447671002 447672009 447675006 448331000 448201009 448780007 448411000 449503003 447777009 447778004 449178002 448475002 448516008 447838003 447839006 448182006 448183001 448184007 253421002 448919005 459161004 459172009 459181003 460358000 472770005 472771009 472795006 472796007 472807003 473118009 471280008 698944006 699078008 37851000119107 703519007 704450003
7824000 10870009 11748006 17394001 21526003 23970008 30123000 60732002 70142008 89222008 95268002 112811009 174866007 194863005 204315000 233006005 233007001 247394006 253371000 253373002 253416000 301130004 310400003 310442001 310443006 47195003 405752007 429278003 432114008 442456000 448118003 448814004 461092004 471279005 698590007 699078008 701993008 721978002 723089002 725145002 725911008
216954001 216955000
