
102567002 214344005 225637002 242099000 249856008 249961009 165232002
















34923007 705001007 705002000 719310005













102567002 214344005 225637002 242099000 249856008 249961009 165232002







7571003















55416000 70477002 426274002




102567002 214344005 225637002 242099000 249856008 249961009 165232002



















63393005 439960005 723920002 723918000

102567002 214344005 225637002 242099000 249856008 249961009 165232002











102567002 214344005 225637002 242099000 249856008 249961009 165232002




