






























386496003





















705089007
705089007
705089007











224373009 442244004 445872007


290113009







42125001 89164003 162160003 162161004 162162006 163466005 163467001 163468006 163469003 163470002 163471003 163472005 163474006 163475007 163476008 163477004 163478009 163479001 163480003 163482006 163483001 163484007 163485008 163487000 163488005 163489002 163491005 163492003 163493008 163494002 268951004 275964000 310638008 394911000 392021009 10750111000119108











425266007 710802005







213257006

