



















298005009 370805000 372032001 372922005 397675006 239169007 449891003






























47009004 57177007 160250007 160252004 160265008 160266009 160267000 160268005 160270001 160273004 160274005 160288009 160290005 160291009 160292002 160314003 160316001 160318000 160319008 160320002 160321003 160324006 160325007 160327004 160328009 160329001 160331005 160332003 160333008 160336000 160337009 160341008 160342001 160343006 160344000 160346003 160347007 160348002 160350005 160352002 160353007 160354001 160357008 160362009 160363004 160379003 160381001 160386006 160389004 160390008 160391007 160392000 160393005 160400002 160469004 160471004 160472006 266882009 266883004 266886007 266889000 266890009 266893006 266894000 266897007 266898002 266900000 266902008 266903003 275102003 275104002 275937001 277652007 281575007 281666001 289916006 297239000 297240003 297241004 297242006 297243001 297244007 297245008 297246009 297247000 297249002 297250002 312824007 313102001 134439009 160269002 160271002 160279000 160280002 160281003 160282005 160297008 160298003 160299006 160301004 160302006 160303001 160305008 160306009 160308005 160309002 160310007 160311006 160312004 160313009 160338004 160339007 160340009 160364005 160377001 160378006 160394004 160396002 160397006 160398001 160401003 160402005 160403000 160406008 160407004 160408009 160409001 160410006 160413008 160414002 160417009 160418004 160419007 160421002 160422009 160423004 160424005 160425006 160427003 160428008 160429000 160430005 160431009 160433007 160434001 160435000 160436004 160437008 160439006 160440008 160441007 160442000 160444004 160445003 160446002 160447006 160449009 160450009 160451008 160452001 160454000 160455004 160456003 160457007 160460000 160461001 160462008 160463003 160464009 160465005 160473001 160474007 160475008 266885006 266887003 266888008 266891008 266895004 266896003 266899005 266901001 266904009 266906006 266907002 266908007 271388000 275101005 275106000 275108004 275109007 275110002 275111003 275117004 275118009 275119001 275120007 275121006 275122004 275123009 275124003 275125002 275127005 275128000 275129008 275130003 275131004 275132006 275133001 275134007 275136009 275911004 275932007 275938006 275939003 275940001 300933005 300934004 308746008 310247005 310251007 313342001 313376005 401065001 401066000 401067009 401119001 401122004 407559004 408552005 408553000 401052005 410551005 412749001 412750001 414205003 416471007 416519002 417001009 417648007 315619001 315620007 315621006 315622004 315623009 315625002 315626001 315627005 395125009 390794009 394877006 391096007 391097003 391098008 395089003 394990003 390915000 413302005 408575003 412783008 412784002 416855002 416072008 417072001 420259009 422432008 428935009 428932007 429740004 429405004 427858005 429251000 428994006 429006005 428269004 429637009 428276009 429236009 429011007 429252007 429000004 428037003 428047000 428748002 430534005 430564002 430565001 430568004 433381008 430677003 430678008 430679000 430682005 430685007 430693007 430695000 430696004 430544007 430086009 430088005 430089002 430090006 430102007 433276002 429950008 429954004 429958001 429959009 429961000 429964008 429969003 429970002 429971003 429976008 429977004 429978009 430041006 433305001 429951007 429962007 433492005 433495007 433506004 430703009 430705002 430710003 430711004 430719002 430722000 430283008 430292006 430298005 430726002 430727006 430777009 430778004 430801003 430802005 433450000 430728001 430730004 430754009 433442009 430786004 434462008 430807004 430808009 430809001 430813008 430814002 430815001 430330002 430331003 430334006 430289007 430329007 430336008 430337004 434298003 431479003 433164007 431330007 431331006 433163001 431912005 430781009 433278001 433496008 430729009 430527008 430954001 431882002 430543001 433279009 433491003 430716009 430723005 430560006 433448008 433449000 429965009 433977002 431812006 430753003 430542006 433380009 433277006 429952000 429953005 433306000 429963002 430674005 430681003 430709008 430091005 430288004 430552005 430805007 438825005 439154009 441120009 439220002 438998000 440697006 439750006 439724007 431170009 160953001 443877004 443868006 281020005 266967000 309631001 266970001 443454007 266969002 443720007 450978001 450988000 473071007 473070008 1421000119104 63761000119101 698248002 698650004 699057005 699108005 699109002 134591000119102 700191004 700192006 700193001 700190003 71271000119107 704008007 704009004 64121000119107 143461000119107 65001000119101 64651000119109 138081000119104 151181000119106 64431000119101 64571000119104 709090007 144171000119108 98011000119108 118651000119105 64081000119105 64371000119105 94721000119105 13961000119104 64911000119103 138701000119105 98251000119101 71221000119106 63941000119102 109241000119103 94691000119101 98041000119107 65011000119103 108891000119103 74131000119101 71201000119102 64251000119106 74171000119103 71261000119101 130771000119102 94741000119104 154031000119107 64131000119105 64501000119109 71231000119109 63901000119104 69731000119107 64181000119106 1098871000119109 138751000119109 138711000119108 94761000119100 109001000119105 63921000119108 117361000119104 108981000119107 64161000119102 138721000119101 65021000119105 64521000119100 64851000119105 64111000119100 64021000119106 154141000119104 10624451000119103 108801000119109 117351000119101 64041000119100 85951000119104 65071000119106 143691000119102 10624401000119102 281022002 14580001000004104 713387007 64861000119107 64841000119108 64831000119104 2301000119106 1099601000119106 63881000119101 65031000119108 64921000119105 64391000119106 109011000119108 71241000119100 725118003 725117008 15627891000119105 64971000119106 64731000119106 2291000119105 63931000119106 329351000119105 11718821000119109









427196009









445180002 412736006 412739004 706970001




160392000 313102001 429740004 428748002 430292006 431330007 431331006 143461000119107 154141000119104 143691000119102






53081000119101 127721000119100











37236007

69761006 85602009 251816000 365402005
431330007 431331006 428748002 143691000119102

