

135833008 161941007 267036007 60845006



3424008 6285003

23426006



135833008 161941007 267036007 60845006





36083008 233913007 117881000119103





135833008 161941007 267036007 60845006



135833008 161941007 267036007 60845006
135833008 161941007 267036007 60845006






135833008 161941007 267036007 60845006











252514006 252516008 252517004 27496004


183841005 426345008








135833008 161941007 267036007 60845006








135833008 161941007 267036007 60845006

135833008 161941007 267036007 60845006
46165000 61012002 87648004 87837008 89456004 111284004 128238001 413838009 96741000119109 96731000119100 96721000119103 96711000119105 96751000119106 8501000119104 96701000119107 15781000119107 10757481000119107 10757401000119104 722890004


135833008 161941007 267036007 60845006

23426006


135833008 161941007 267036007 60845006

135833008 161941007 267036007 60845006


2598006 26004008




135833008 161941007 267036007 60845006









