








63739005 123641001 123642008 408546009 23311000119105 17531000119105 78741000119103 703356002 15713121000119105 15713081000119108 713617008 117051000119103












127297005 127298000 127299008 127300000 127301001 127302008 127308007 127309004 127310009 127311008 127312001 1430001 3119002 5073009 5470004 5886004 6147005 7711006 7819003 7862002 9501009 9978007 10061007 10256000 12912004 13289004 13752003 111673001 14434006 16837005 16907002 17169009 17498002 17667005 18485009 18531006 18605003 19210000 19233004 20167009 20276007 22693008 22825007 23026001 25185004 25689009 26205001 27923006 28156009 29635000 29807001 32834005 33117006 34135005 34501004 34751006 35672006 36716000 36822000 111677000 37134004 40286002 40135004 38761006 40549004 40863000 41025001 41870008 42670008 45659008 47450003 47462004 47979002 47983002 51101002 52902005 52913008 53267002 53429002 53730006 54637009 55885004 57012007 57099002 58070005 59029004 59561005 59633005 59648004 60546000 62106007 62564004 62973004 63023005 63323000 64337000 64413001 65535000 66393002 66976009 67378005 69178005 69458009 70686002 70861009 72797002 73308006 73439007 75507000 76418009 78477003 78525006 79228001 81268009 81412002 111671004 81520002 82637004 84792001 84803006 84900008 85314006 86010003 86182004 86488006 87020000 87253004 87345009 88747000 90165008 90178008 90429009 91168001 91216000 111679002 111681000 207689001 207690005 207691009 207692002 207693007 207707005 207708000 207709008 207710003 207711004 207727006 207728001 207729009 207730004 207731000 207745006 207746007 207747003 207748008 207749000 209827006 209828001 209829009 209830004 209845006 209847003 209848008 209849000 209850000 209864000 209865004 209866003 209867007 209868002 209883007 209884001 209885000 209886004 209887008 209902003 209903008 209904002 209905001 209906000 209920007 209921006 209922004 209923009 209924003 209940000 209958006 209978003 275946007 371050006 419045004 428913001 450552002 450569000 450551009 698616008 698618009 698620007 329671000119106
425266007 710802005







75532003
















431267001





405796007 448886007 448878007


194865003 194866002 194867006




















233844002 240567009 304915008 371803003 371804009 371915000 194842008 194843003 233817007 53741008 420006002 428375006 428308007 430091005 472100003 473146006 473449006 699196002 703273002 703356002




233844002 240567009 304915008 371803003 371804009 371915000 194842008 194843003 233817007 53741008 420006002 428375006 428308007 430091005 472100003 473146006 473449006 699196002 703273002 703356002











45227007 195020003 440074009




