442164004
27405005 9741000119101 104831000119109 85721000119105 91441000119109 724506009 724504007 724507000




78275009 232531007 1101000119103 1091000119108 101301000119106 16275741000119100


78275009 232531007 1101000119103 1091000119108 101301000119106 16275741000119100
27405005 9741000119101 104831000119109 85721000119105 91441000119109 724506009 724504007 724507000
27405005 9741000119101 104831000119109 85721000119105 91441000119109 724506009 724504007 724507000


27405005 9741000119101 104831000119109 85721000119105 91441000119109 724506009 724504007 724507000





27405005 9741000119101 104831000119109 85721000119105 91441000119109 724506009 724504007 724507000
78275009 232531007 1101000119103 1091000119108 101301000119106 16275741000119100

27405005 9741000119101 104831000119109 85721000119105 91441000119109 724506009 724504007 724507000


27405005 9741000119101 104831000119109 85721000119105 91441000119109 724506009 724504007 724507000

78275009 232531007 1101000119103 1091000119108 101301000119106 16275741000119100
27405005 9741000119101 104831000119109 85721000119105 91441000119109 724506009 724504007 724507000

78275009 232531007 1101000119103 1091000119108 101301000119106 16275741000119100




27405005 9741000119101 104831000119109 85721000119105 91441000119109 724506009 724504007 724507000
230145002
27405005 9741000119101 104831000119109 85721000119105 91441000119109 724506009 724504007 724507000





27405005 9741000119101 104831000119109 85721000119105 91441000119109 724506009 724504007 724507000


27405005 9741000119101 104831000119109 85721000119105 91441000119109 724506009 724504007 724507000
27405005 9741000119101 104831000119109 85721000119105 91441000119109 724506009 724504007 724507000
27405005 9741000119101 104831000119109 85721000119105 91441000119109 724506009 724504007 724507000
27405005 9741000119101 104831000119109 85721000119105 91441000119109 724506009 724504007 724507000


78275009 232531007 1101000119103 1091000119108 101301000119106 16275741000119100


78275009 232531007 1101000119103 1091000119108 101301000119106 16275741000119100
78275009 232531007 1101000119103 1091000119108 101301000119106 16275741000119100
27405005 9741000119101 104831000119109 85721000119105 91441000119109 724506009 724504007 724507000
78275009 232531007 1101000119103 1091000119108 101301000119106 16275741000119100

230493001
27405005 9741000119101 104831000119109 85721000119105 91441000119109 724506009 724504007 724507000



78275009 232531007 1101000119103 1091000119108 101301000119106 16275741000119100
27405005 9741000119101 104831000119109 85721000119105 91441000119109 724506009 724504007 724507000
78275009 232531007 1101000119103 1091000119108 101301000119106 16275741000119100
27405005 9741000119101 104831000119109 85721000119105 91441000119109 724506009 724504007 724507000
78275009 232531007 1101000119103 1091000119108 101301000119106 16275741000119100
27405005 9741000119101 104831000119109 85721000119105 91441000119109 724506009 724504007 724507000

78275009 232531007 1101000119103 1091000119108 101301000119106 16275741000119100

78275009 232531007 1101000119103 1091000119108 101301000119106 16275741000119100









78275009 232531007 1101000119103 1091000119108 101301000119106 16275741000119100
27405005 9741000119101 104831000119109 85721000119105 91441000119109 724506009 724504007 724507000

78275009 232531007 1101000119103 1091000119108 101301000119106 16275741000119100
27405005 9741000119101 104831000119109 85721000119105 91441000119109 724506009 724504007 724507000
27405005 9741000119101 104831000119109 85721000119105 91441000119109 724506009 724504007 724507000
78275009 232531007 1101000119103 1091000119108 101301000119106 16275741000119100
27405005 9741000119101 104831000119109 85721000119105 91441000119109 724506009 724504007 724507000

78275009 232531007 1101000119103 1091000119108 101301000119106 16275741000119100
27405005 9741000119101 104831000119109 85721000119105 91441000119109 724506009 724504007 724507000
78275009 232531007 1101000119103 1091000119108 101301000119106 16275741000119100
27405005 9741000119101 104831000119109 85721000119105 91441000119109 724506009 724504007 724507000


