



20696009 402670007 440346008 725958000
20696009 402670007 440346008 725958000

20696009 402670007 440346008 725958000

20696009 402670007 440346008 725958000
20696009 402670007 440346008 725958000
20696009 402670007 440346008 725958000

20696009 402670007 440346008 725958000
20696009 402670007 440346008 725958000
20696009 402670007 440346008 725958000

20696009 402670007 440346008 725958000


60734001 181402008 2697008 414369008 414368000 423152005 714755003 730649001 730650001

20696009 402670007 440346008 725958000


20696009 402670007 440346008 725958000



20696009 402670007 440346008 725958000

20696009 402670007 440346008 725958000
20696009 402670007 440346008 725958000




20696009 402670007 440346008 725958000


5091004 127014009 134379001 233958001 308071004 400047006 399957001 413988000 428171009 473109007 34881000119105 102631000119103 31211000119101

5091004 127014009 134379001 233958001 308071004 400047006 399957001 413988000 428171009 473109007 34881000119105 102631000119103 31211000119101
5091004 127014009 134379001 233958001 308071004 400047006 399957001 413988000 428171009 473109007 34881000119105 102631000119103 31211000119101
399957001 431545001 430305000 430301009

20696009 402670007 440346008 725958000

5091004 127014009 134379001 233958001 308071004 400047006 399957001 413988000 428171009 473109007 34881000119105 102631000119103 31211000119101
20696009 402670007 440346008 725958000
5091004 127014009 134379001 233958001 308071004 400047006 399957001 413988000 428171009 473109007 34881000119105 102631000119103 31211000119101
399957001 431545001 430305000 430301009

5091004 127014009 134379001 233958001 308071004 400047006 399957001 413988000 428171009 473109007 34881000119105 102631000119103 31211000119101


5091004 127014009 134379001 233958001 308071004 400047006 399957001 413988000 428171009 473109007 34881000119105 102631000119103 31211000119101
20696009 402670007 440346008 725958000














115929007 127450006




401622003 401624002 401625001











20696009 402670007 440346008 725958000










