







18418004 62944002 121185009 121204002 121022006 116893005 116921004 116926009 116932004 122366001 122367005 118035008 122345009 122346005 122347001 122348006 72165005 187033005 243606007 372252009 397662006 406104003 406105002 444563003 603414004 603428005 603422006 603430007 603433009 603420003 603417006 603423001 603425008 603427000 603418001 603432004 603421004 603415003 603426009 603416002 603429002 603424007 603419009 603431006 603413005 703888000 709832003 709834002 709831005 709833008 710451000 710652004 712516001 714013001 714427003 714426007 720108005 720107000 722794000 726592002
9953008 41309000 50325005 713181003 713370005 722866000
9953008 41309000 50325005 713181003 713370005 722866000
4953006 6749002 67426006 82782008 87460008 89507002 212809004 212813006 228357007 228358002 268796000 205791004 609438005 36558000 698321001








197315008 50325005 722866000

197315008 50325005 722866000
38341003 170581003 170582005 163028000









15760000 60039004 270429000 271187002


197362001

411861000

708248004



79720007 197279005 197324004 197359004 197360009 197361008 328383001 444918006 1092801000119102 713181003 713370005
79720007 197279005 197324004 197359004 197360009 197361008 328383001 444918006 1092801000119102 713181003 713370005



79720007 197279005 197324004 197359004 197360009 197361008 328383001 444918006 1092801000119102 713181003 713370005




442134007






9953008 41309000 50325005 713181003 713370005 722866000

















708248004

708248004


















