427458001



425266007 710802005


230732009 239938009 239939001 400130008 414341000 328201000119109 722020006

















251042004 399957001



233844002 240567009 304915008 371803003 371804009 371915000 194842008 194843003 233817007 53741008 420006002 428375006 428308007 430091005 472100003 473146006 473449006 699196002 703273002 703356002
1292009 2690005 3991004 6007000 29567006 30957007 35249003 41333006 51619007 57902003 58713006 60443006 62581008 62658002 65867009 66675005 67255001 71503007 72221006 75691003 79563007 90003000 90084008 91333005 113091000 113109007 228712001 258177008 277592004 278010004 290329006 290330001 290331002 290332009 292097002 293639009 295328001 295329009 295330004 295331000 305882007 306144006 310127009 312250003 349360003 241645008 90473008 306992007 306993002 306994008 306995009 306996005 169082008 169083003 241601008 241602001 241603006 241604000 241605004 241606003 241607007 241609005 241610000 241611001 241612008 241613003 241614009 241615005 241616006 241617002 241618007 241619004 241620005 241621009 241622002 241623007 241624001 241625000 241626004 241627008 241628003 241629006 241630001 241632009 241633004 241634005 241635006 241636007 241637003 241638008 241639000 241640003 241641004 241642006 241643001 241644007 241646009 241647000 241648005 241649002 241650002 241651003 241652005 241653000 241654006 241655007 241656008 241657004 241658009 241659001 241660006 241661005 241662003 241663008 241664002 241665001 241666000 241667009 241668004 241669007 241670008 407669000 408548005 417249005 416101003 417525006 416170003 416200006 416318006 416465001 416488000 416841005 416892002 417726009 419997008 417936006 418180008 418786005 419580009 419311004 419713003 418062002 419555009 419909004 419059006 419356006 419636004 420078000 419194002 419701008 418463004 418167005 420237007 419934004 419461009 419150008 418873008 418592002 418210005 418917004 418003005 419535008 418740008 420137004 419275004 241631002 427366006 426252008 425559005 169081001 430247004 430164006 430165007 430143007 430227007 430121004 430507007 430473007 431999000 431402006 431250008 432767000 431508007 431766006 431411006 431392001 432845009 432846005 432022004 432542001 432882000 432312003 432653003 432874000 432877007 432878002 431900006 431225005 431407000 434097004 432546003 433132000 433133005 433007004 433008009 433009001 432549005 432551009 431897004 431609005 431624001 432719005 432240005 432241009 432314002 432315001 432672003 432153004 432001005 432152009 431839003 431849000 431850000 432000006 432368007 432369004 432109009 432111000 431985004 432244001 432633002 432634008 431431005 433141005 433685008 433138001 431608002 432215003 431249008 432403004 432150001 432374007 431840001 433174005 433139009 431625000 432815006 432154005 431299007 432541008 432673008 433006008 432544000 431627008 432112007 433140006 430243000 433170001 430021001 432854007 433110009 431986003 432151002 441137002 441138007 439083005 440450002 439585009 439586005 438529005 438532008 438779006 438821001 439084004 438834000 438365001 440112003 440102005 440086007 438778003 439709003 440408002 442086001 443232007 443233002 443602007 443603002 443516005 443517001 443518006 443078008 443079000 445318009 445207007 445604005 444585009 444703002 445419002 446061008 446060009 446772005 446186001 447224000 446448001 446063006 447334006 445847007 446866002 447228002 446858006 446315002 445946004 447239004 447218006 446138008 448641007 448351001 448718007 448048002 448541001 449265009 448740003 448752005 448306001 448307005 448704000 449877009 449878004 449880005 449881009 449879007 449883007 449876000 449882002 450529001 450527004 450558003 450528009 450825001 451004008 467181006 464524003 464429005 464434009 462824008 464793002 469183003 464800004 465988000 464864006 465240005 469992004 464970001 465018009 464827000 469633009 464223008 464996004 464312006 463295001 467408009 464389006 464995000 467704005 465088002 464249003 464181004 465102000 464390002 469693006 464782004 470755001 609220009 609223006 609219003 609185006 609224000 609222001 698354004 698355003 699583008 699581005 699582003 700321002 700320001 700319007 700322009 702607002 702608007 702687004 702685007 702708000 702722000 702721007 702724004 702720008 702723005 702725003 702719002 702769005 703140001 706337001 706338006 706339003 706340001 706319002 470095005 470277001 465552002 469273008 465079006 464914000 462726000 709501009 709505000 709521005 709526000 709523008 709525001 709528004 709527009 709522003 709502002 709524002 709579005 709578002 709580008 709652000 709650008 709651007 709653005 709845004 711184004 711187006 711186002 711185003 711304008 711312000 711313005 711484009 711540006 432103005 711612008 712540009 15633801000119105 712848006 116131000119107 15633841000119107 712876003 713206003 715169004 715188006 715684009 715685005 715686006 716064002 4251000179103 718071002 718072009 718073004 414121000119100 16329211000119102 495661000119101 407651000119107 395611000119106 383321000119107 16328021000119109 411911000119107 411301000119105 16327691000119101 489801000119103 16410231000119101 571891000119109 495741000119105 411611000119102 16334561000119101 16342871000119103 16324921000119103 16324971000119102 16324841000119100 437751000119106 16331381000119101 394511000119106 394451000119106 16321411000119100 382911000119105 411151000119106 16323611000119102 383311000119100 406571000119104 396161000119106 438281000119106 409791000119103 495651000119103 409771000119104 388321000119101 413921000119104 411571000119106 396171000119100 718972006 719178004 719348000 413001000119107 16384831000119100 427031000119100 720629002 720705001 721114009 721115005 721116006 412461000119108 427021000119103 16342171000119105 16561811000119107 16334661000119100 409781000119101 723686008 394531000119101 409571000119109 409841000119100 409901000119107 409871000119107 2671000087101 2661000087105 3191000087100 3181000087102 20481000087108 20431000087109 20491000087105 20451000087100 17511000087105 16831000087101 16841000087107 17501000087108 17521000087102 2551000087108 3081000087101 2561000087106 3091000087104 2581000087100 2591000087103 2601000087106 2611000087108 2471000087103 2481000087101 2491000087104 2501000087107 2351000087100 2361000087102 2371000087106 2381000087108 2231000087101 2241000087107 2251000087105 2261000087108 2151000087102 2161000087104 2171000087108 2181000087105 12931000087106 17401000087109 12941000087100 17411000087106 14161000087108 2271000087104 2281000087102 2291000087100 2301000087101 2191000087107 2201000087109 2211000087106 2221000087103 2631000087103 3141000087107 2641000087109 3151000087105 2431000087100 2441000087106 2451000087109 2461000087107 2401000087108 2411000087105 2421000087102 12311000087102 2391000087105 2711000087100 2701000087102 2051000087103 2061000087100 2071000087109 2081000087106 2311000087104 2321000087107 2331000087109 2341000087103 20521000087108 20541000087104 20371000087103 20381000087101 20531000087105 6431000087101 6441000087107 2511000087109 3041000087106 2521000087101 3051000087109 2141000087100 2131000087106 724215003 6711000087101 6721000087109 6731000087106 6741000087100 2091000087108 2101000087103 2111000087101 2121000087109 725839008 6111000087102 6101000087104 11601000087103 11411000087104 726487002 725929003 726546000
1292009 2690005 3991004 6007000 29567006 30957007 35249003 41333006 51619007 57902003 58713006 60443006 62581008 62658002 65867009 66675005 67255001 71503007 72221006 75691003 79563007 90003000 90084008 91333005 113091000 113109007 228712001 258177008 277592004 278010004 290329006 290330001 290331002 290332009 292097002 293639009 295328001 295329009 295330004 295331000 305882007 306144006 310127009 312250003 349360003 241645008 90473008 306992007 306993002 306994008 306995009 306996005 169082008 169083003 241601008 241602001 241603006 241604000 241605004 241606003 241607007 241609005 241610000 241611001 241612008 241613003 241614009 241615005 241616006 241617002 241618007 241619004 241620005 241621009 241622002 241623007 241624001 241625000 241626004 241627008 241628003 241629006 241630001 241632009 241633004 241634005 241635006 241636007 241637003 241638008 241639000 241640003 241641004 241642006 241643001 241644007 241646009 241647000 241648005 241649002 241650002 241651003 241652005 241653000 241654006 241655007 241656008 241657004 241658009 241659001 241660006 241661005 241662003 241663008 241664002 241665001 241666000 241667009 241668004 241669007 241670008 407669000 408548005 417249005 416101003 417525006 416170003 416200006 416318006 416465001 416488000 416841005 416892002 417726009 419997008 417936006 418180008 418786005 419580009 419311004 419713003 418062002 419555009 419909004 419059006 419356006 419636004 420078000 419194002 419701008 418463004 418167005 420237007 419934004 419461009 419150008 418873008 418592002 418210005 418917004 418003005 419535008 418740008 420137004 419275004 241631002 427366006 426252008 425559005 169081001 430247004 430164006 430165007 430143007 430227007 430121004 430507007 430473007 431999000 431402006 431250008 432767000 431508007 431766006 431411006 431392001 432845009 432846005 432022004 432542001 432882000 432312003 432653003 432874000 432877007 432878002 431900006 431225005 431407000 434097004 432546003 433132000 433133005 433007004 433008009 433009001 432549005 432551009 431897004 431609005 431624001 432719005 432240005 432241009 432314002 432315001 432672003 432153004 432001005 432152009 431839003 431849000 431850000 432000006 432368007 432369004 432109009 432111000 431985004 432244001 432633002 432634008 431431005 433141005 433685008 433138001 431608002 432215003 431249008 432403004 432150001 432374007 431840001 433174005 433139009 431625000 432815006 432154005 431299007 432541008 432673008 433006008 432544000 431627008 432112007 433140006 430243000 433170001 430021001 432854007 433110009 431986003 432151002 441137002 441138007 439083005 440450002 439585009 439586005 438529005 438532008 438779006 438821001 439084004 438834000 438365001 440112003 440102005 440086007 438778003 439709003 440408002 442086001 443232007 443233002 443602007 443603002 443516005 443517001 443518006 443078008 443079000 445318009 445207007 445604005 444585009 444703002 445419002 446061008 446060009 446772005 446186001 447224000 446448001 446063006 447334006 445847007 446866002 447228002 446858006 446315002 445946004 447239004 447218006 446138008 448641007 448351001 448718007 448048002 448541001 449265009 448740003 448752005 448306001 448307005 448704000 449877009 449878004 449880005 449881009 449879007 449883007 449876000 449882002 450529001 450527004 450558003 450528009 450825001 451004008 467181006 464524003 464429005 464434009 462824008 464793002 469183003 464800004 465988000 464864006 465240005 469992004 464970001 465018009 464827000 469633009 464223008 464996004 464312006 463295001 467408009 464389006 464995000 467704005 465088002 464249003 464181004 465102000 464390002 469693006 464782004 470755001 609220009 609223006 609219003 609185006 609224000 609222001 698354004 698355003 699583008 699581005 699582003 700321002 700320001 700319007 700322009 702607002 702608007 702687004 702685007 702708000 702722000 702721007 702724004 702720008 702723005 702725003 702719002 702769005 703140001 706337001 706338006 706339003 706340001 706319002 470095005 470277001 465552002 469273008 465079006 464914000 462726000 709501009 709505000 709521005 709526000 709523008 709525001 709528004 709527009 709522003 709502002 709524002 709579005 709578002 709580008 709652000 709650008 709651007 709653005 709845004 711184004 711187006 711186002 711185003 711304008 711312000 711313005 711484009 711540006 432103005 711612008 712540009 15633801000119105 712848006 116131000119107 15633841000119107 712876003 713206003 715169004 715188006 715684009 715685005 715686006 716064002 4251000179103 718071002 718072009 718073004 414121000119100 16329211000119102 495661000119101 407651000119107 395611000119106 383321000119107 16328021000119109 411911000119107 411301000119105 16327691000119101 489801000119103 16410231000119101 571891000119109 495741000119105 411611000119102 16334561000119101 16342871000119103 16324921000119103 16324971000119102 16324841000119100 437751000119106 16331381000119101 394511000119106 394451000119106 16321411000119100 382911000119105 411151000119106 16323611000119102 383311000119100 406571000119104 396161000119106 438281000119106 409791000119103 495651000119103 409771000119104 388321000119101 413921000119104 411571000119106 396171000119100 718972006 719178004 719348000 413001000119107 16384831000119100 427031000119100 720629002 720705001 721114009 721115005 721116006 412461000119108 427021000119103 16342171000119105 16561811000119107 16334661000119100 409781000119101 723686008 394531000119101 409571000119109 409841000119100 409901000119107 409871000119107 2671000087101 2661000087105 3191000087100 3181000087102 20481000087108 20431000087109 20491000087105 20451000087100 17511000087105 16831000087101 16841000087107 17501000087108 17521000087102 2551000087108 3081000087101 2561000087106 3091000087104 2581000087100 2591000087103 2601000087106 2611000087108 2471000087103 2481000087101 2491000087104 2501000087107 2351000087100 2361000087102 2371000087106 2381000087108 2231000087101 2241000087107 2251000087105 2261000087108 2151000087102 2161000087104 2171000087108 2181000087105 12931000087106 17401000087109 12941000087100 17411000087106 14161000087108 2271000087104 2281000087102 2291000087100 2301000087101 2191000087107 2201000087109 2211000087106 2221000087103 2631000087103 3141000087107 2641000087109 3151000087105 2431000087100 2441000087106 2451000087109 2461000087107 2401000087108 2411000087105 2421000087102 12311000087102 2391000087105 2711000087100 2701000087102 2051000087103 2061000087100 2071000087109 2081000087106 2311000087104 2321000087107 2331000087109 2341000087103 20521000087108 20541000087104 20371000087103 20381000087101 20531000087105 6431000087101 6441000087107 2511000087109 3041000087106 2521000087101 3051000087109 2141000087100 2131000087106 724215003 6711000087101 6721000087109 6731000087106 6741000087100 2091000087108 2101000087103 2111000087101 2121000087109 725839008 6111000087102 6101000087104 11601000087103 11411000087104 726487002 725929003 726546000
401221002 401223004 446841001 401224005 401225006 698359009 401222009 698451006 701682008










233969003 312829002

233969003 312829002






10349009 14070001 25772007 56267009 70936005 106021000119105












5091004 127014009 134379001 233958001 308071004 400047006 399957001 413988000 428171009 473109007 34881000119105 102631000119103 31211000119101



251042004 399957001
56317004 68225006 162797000 162803001 247541001 278040002 298000004 298001000 299671008 299672001 299674000 299675004 407551001


401221002 401223004 446841001 401224005 401225006 698359009 401222009 698451006 701682008










399957001 431545001 430305000 430301009
399957001 431545001 430305000 430301009








5091004 127014009 134379001 233958001 308071004 400047006 399957001 413988000 428171009 473109007 34881000119105 102631000119103 31211000119101
5091004 127014009 134379001 233958001 308071004 400047006 399957001 413988000 428171009 473109007 34881000119105 102631000119103 31211000119101
413956008
233969003


