


7305005 13867009 15946006 25736000 43654001 72242008 175339005 274022008 428071007 443531001 443829004 448785002 449271003 450312003 450304006 450305007 450313008 460918005 698643003
15946006 43654001

38341003 170581003 170582005 163028000












406532002 406533007 702778004 700502006

38341003 170581003 170582005 163028000


7305005 13867009 15946006 25736000 43654001 72242008 175339005 274022008 428071007 443531001 443829004 448785002 449271003 450312003 450304006 450305007 450313008 460918005 698643003







38341003 170581003 170582005 163028000

24184005 38341003 371622005


38341003 170581003 170582005 163028000
38341003 170581003 170582005 163028000

38341003 170581003 170582005 163028000
38341003 170581003 170582005 163028000


72352009 233862006 449116007 448819009 448790004 460517008 722211006
421294007
23154005
38341003 170581003 170582005 163028000
384753005




38341003 170581003 170582005 163028000
38341003 170581003 170582005 163028000













241524008 396207002 430452007 433270008 429859008 429862006 434438003 429863001 429873004 429927002 429852004 429854003 430430003 430432006 430436009 430437000 430441001 431851001 431621009 431492000 431944009 431946006 432370003 431714002 431746002 431619004 429931008 432644005 433761009 431326009 433875009 431665001 431997003 431247005 429864007 429857005 702520005 444628000 702518007 444674001 444758004 444630003 448760006 702522002 440330000 702495006 702514009 702500009 113105001 90523008 444970007 702509005 444037004 702493004 702512008 700246004 702420007 702763006 702491002 702764000 74710000 83788002 448335009 444968003 20836009 702490001 444969006 702486003 702765004 702488002 702647009 445712007 438590003 702505004 702503006 75385009 702502001 702501008 702516006 702506003 444709003 26946001 702507007 440494008 702498008 702494005 762008 702492009 32962002 113090004 709547001 709635004 709700008 709698004 709772004 709766004 710305000 711310008 712541008 711232001 712727001 712738001 712856009 712874000 713859006 715250004 715289005 715291002 715292009 715293004 715294005 715494008 715461005 715687002 715690008 715691007 715692000 715970002 715853009 718394008 718527007 383441000119108 411251000119104 16332841000119106 396111000119108 719898006 410321000119109 409511000119101 409421000119109 410371000119105 410351000119101 410331000119107 409541000119102 409701000119109 410341000119103 723646000 16554061000119109 588111000119108 20411000087104 20421000087107 20501000087102 2761000087103 2771000087107 1781000087102 1801000087101 4991000087100 5001000087109 4801000087104 4811000087102 4321000087102 4301000087108 410361000119104 15361000087109 4831000087107 4841000087101 4761000087106 4771000087102 1501000087104 1521000087105 1341000087108 1361000087109 1991000087102 2011000087102 1881000087108 1891000087105 15331000087102 18051000087103 1741000087107 15351000087106 726552004 726553009






438367009 708018005 713678009

135833008 161941007 267036007 60845006


71028008 191323001





38341003 170581003 170582005 163028000


72352009 233862006 449116007 448819009 448790004 460517008 722211006
21762000

62222003

85235006 175238004 244245001 253681005 253682003 263981005 445350004 448517004 448628008 449025004 448096002 448153005 447788003 448480006 460591005 460592003 460589002 460590006 460964000 15901000087106
38341003 170581003 170582005 163028000
38341003 170581003 170582005 163028000
12763006 271870002 45007003 163022004 163023009 163024003 472960000


