














68734002 210114006












3469002 5083008 6500006 6821004 11406003 14020004 22045003 25515000 26876007 28571002 29673001 31577002 33047005 34384008 35847008 38305003 42066004 42367004 43138003 46541008 47255005 52899007 53080007 54296007 54975007 55030004 57266005 57332004 59684006 62537000 62738008 66535005 67781003 68140000 70505006 73948007 80027000 81152009 86089006 88756008 89266005 110172003 110176000 110180005 110184001 110188003 110192005 110196008 110200003 110204007 110208005 110212004 110216001 110220002 110224006 110228009 110232003 110235001 111720005 211691005 275450006 287140008 403191005 438482000 446905000 473254000 473273001 473251008 473249009 473245003 473262008 473269004 473258002



72914001 92261004 92670007 363390005 473009005



3469002 5083008 6500006 6821004 11406003 14020004 22045003 25515000 26876007 28571002 29673001 31577002 33047005 34384008 35847008 38305003 42066004 42367004 43138003 46541008 47255005 52899007 53080007 54296007 54975007 55030004 57266005 57332004 59684006 62537000 62738008 66535005 67781003 68140000 70505006 73948007 80027000 81152009 86089006 88756008 89266005 110172003 110176000 110180005 110184001 110188003 110192005 110196008 110200003 110204007 110208005 110212004 110216001 110220002 110224006 110228009 110232003 110235001 111720005 211691005 275450006 287140008 403191005 438482000 446905000 473254000 473273001 473251008 473249009 473245003 473262008 473269004 473258002


3469002 5083008 6500006 6821004 11406003 14020004 22045003 25515000 26876007 28571002 29673001 31577002 33047005 34384008 35847008 38305003 42066004 42367004 43138003 46541008 47255005 52899007 53080007 54296007 54975007 55030004 57266005 57332004 59684006 62537000 62738008 66535005 67781003 68140000 70505006 73948007 80027000 81152009 86089006 88756008 89266005 110172003 110176000 110180005 110184001 110188003 110192005 110196008 110200003 110204007 110208005 110212004 110216001 110220002 110224006 110228009 110232003 110235001 111720005 211691005 275450006 287140008 403191005 438482000 446905000 473254000 473273001 473251008 473249009 473245003 473262008 473269004 473258002

818005 890002 1203008 2420007 2582004 3461004 4300009 4310000 3975002 5343007 6280008 6772000 9590000 10416004 10815006 15687005 16504002 17562007 17610001 20659000 23252003 26729007 27246003 27597005 28066004 28976004 29734005 30044002 30264000 31355000 31717008 32294004 33056002 34036009 35507009 35510002 36121005 36520004 36830004 37022009 40261006 40477005 44807006 45267008 45391001 48260006 49282005 49369000 49862000 54896004 55473001 56716005 57565008 59110008 59448007 60036006 60825003 61317003 61455009 61984009 62011006 63053003 63420001 64075008 64359003 66554005 70038008 70097001 71141005 71364004 72030007 72759002 73545001 74198004 74842002 76867002 76972007 77490007 78506008 80210002 80247002 80271009 82352004 84432000 85052001 85709009 85962005 86051001 86351009 86744003 87559001 88277007 88910009 89040002 89614009 89661005 89843004 90328000 110173008 110177009 110181009 110185000 110189006 110193000 110197004 110201004 110205008 110209002 110213009 110217005 110221003 110225007 110229001 110233008 110236000 111717002 111719004 211926009 211927000 211932004 211937005 211938000 211943007 275451005 287141007 403192003 445850005 446554002 447598006 446904001 445848002 447093008 447374000 447106005 473266006 473270003 473250009 473263003 473274007 473255004 473259005 473246002



211012003 211220005 211364004 211365003 262550002 269197008 269206003 283346007 283347003 283348008 283349000 283350000 283351001 283352008 283353003 283354009 42032008 42089007 53706009 10662001 15034009 17384006 19108007 25726008 30818003 33155001 35057008 37887002 38189003 4124006 41958008 44352004 45915002 50124004 52705001 56892000 59443003 60298004 67862004 70294003 76584003 77874001 801006 84070009 91060006 428762009 609337004








226763007 226777005 226778000 226788004












38341003 170581003 170582005 163028000
38341003 170581003 170582005 163028000
38341003 170581003 170582005 163028000












226763007 226777005 226778000 226788004



226763007 226777005 226778000 226788004






226763007 226777005 226778000 226788004




226763007 226777005 226778000 226788004

