

135833008 161941007 267036007 60845006











312824007 1098871000119109 1099601000119106






705089007 90671000119109
705089007 90671000119109
160273004 160357008 161501007 709881001 59701000119109 16235071000119108


79890006


79890006

192611004 386810004

79890006


88111009








427196009



422868009





312824007 1098871000119109 1099601000119106













15108003













446050000 709006008




38341003 170581003 170582005 163028000


312824007 1098871000119109 1099601000119106


312824007 1098871000119109 1099601000119106





