38341003 170581003 170582005 163028000













274571007 274572000 38950008 702441001
274571007 274572000 38950008 702441001
274571007 274572000 38950008 702441001


5148006 5375005 10633002 36315003 42343007 60899001 66989003 74960003 77970009 80479009 82523003 83105008 88805009 90727007 92506005 134378009 194767001 194779001 194781004 403298007 426611007 426263006 433305001 438367009 96311000119109 67431000119105 67441000119101 101281000119107 698296002 698594003 50781000119109 23341000119109 72481000119103 15781000119107 702843005 708018005 11016261000119104 713678009 720700006 15629591000119103 15629541000119106 717840005



395009001 704417003 401207004



38341003 170581003 170582005 163028000












20262006 85102008 719228009 719229001


38341003 170581003 170582005 163028000





















48696000


266882009 297242006 308068007 64041000119100

160327004 161467005 161611007 371435006 407586004 409137002 438553004 473151000 118501000119105 16464661000119103 690731000119108







697927009
79720007 197279005 197324004 197359004 197360009 197361008 328383001 444918006 1092801000119102 713181003 713370005



9953008 41309000 50325005 713181003 713370005 722866000
















