
48606007 237602007 718715007 721069005





266882009 297242006 64041000119100

266900000 13200003

266882009 297242006 64041000119100




38341003 170581003 170582005 163028000

6497000 35425004 48499001 60621009 162863004 162864005 301331008 310252000 408512008 412768003 427090001 446974000 448051009 698094009 701072008 705131003 715456008 722562008 722563003 722595002
134439009 233844002 315016007 315021005 315038009 315039001 315290008 315348000 315614006 390799004 390907003 394724007 401247006 401248001 401250009 401251008 401252001 401253006 401254000 401331007 401332000 407612004 412781005 53741008 426579008 170601008 450759008 699195003 703273002


134439009 233844002 315016007 315021005 315038009 315039001 315290008 315348000 315614006 390799004 390907003 394724007 401247006 401248001 401250009 401251008 401252001 401253006 401254000 401331007 401332000 407612004 412781005 53741008 426579008 170601008 450759008 699195003 703273002
16100001 34468006 61096000 87309006 184305005 430289007 430288004 441760003 698715003 200156003


38341003 170581003 170582005 163028000
134439009 233844002 315016007 315021005 315038009 315039001 315290008 315348000 315614006 390799004 390907003 394724007 401247006 401248001 401250009 401251008 401252001 401253006 401254000 401331007 401332000 407612004 412781005 53741008 426579008 170601008 450759008 699195003 703273002
8074002 233858000 250989005 276795005 409712001 286031000119106 703359009 721841001
134439009 233844002 315016007 315021005 315038009 315039001 315290008 315348000 315614006 390799004 390907003 394724007 401247006 401248001 401250009 401251008 401252001 401253006 401254000 401331007 401332000 407612004 412781005 53741008 426579008 170601008 450759008 699195003 703273002
428685003 427988000
134439009 233844002 315016007 315021005 315038009 315039001 315290008 315348000 315614006 390799004 390907003 394724007 401247006 401248001 401250009 401251008 401252001 401253006 401254000 401331007 401332000 407612004 412781005 53741008 426579008 170601008 450759008 699195003 703273002




446050000 709006008

609386002 609387006


134439009 233844002 315016007 315021005 315038009 315039001 315290008 315348000 315614006 390799004 390907003 394724007 401247006 401248001 401250009 401251008 401252001 401253006 401254000 401331007 401332000 407612004 412781005 53741008 426579008 170601008 450759008 699195003 703273002

428685003 427988000
134439009 233844002 315016007 315021005 315038009 315039001 315290008 315348000 315614006 390799004 390907003 394724007 401247006 401248001 401250009 401251008 401252001 401253006 401254000 401331007 401332000 407612004 412781005 53741008 426579008 170601008 450759008 699195003 703273002
134439009 233844002 315016007 315021005 315038009 315039001 315290008 315348000 315614006 390799004 390907003 394724007 401247006 401248001 401250009 401251008 401252001 401253006 401254000 401331007 401332000 407612004 412781005 53741008 426579008 170601008 450759008 699195003 703273002




134439009 233844002 315016007 315021005 315038009 315039001 315290008 315348000 315614006 390799004 390907003 394724007 401247006 401248001 401250009 401251008 401252001 401253006 401254000 401331007 401332000 407612004 412781005 53741008 426579008 170601008 450759008 699195003 703273002



38341003 170581003 170582005 163028000




27885002 204383001 233918003


134439009 233844002 315016007 315021005 315038009 315039001 315290008 315348000 315614006 390799004 390907003 394724007 401247006 401248001 401250009 401251008 401252001 401253006 401254000 401331007 401332000 407612004 412781005 53741008 426579008 170601008 450759008 699195003 703273002


134439009 233844002 315016007 315021005 315038009 315039001 315290008 315348000 315614006 390799004 390907003 394724007 401247006 401248001 401250009 401251008 401252001 401253006 401254000 401331007 401332000 407612004 412781005 53741008 426579008 170601008 450759008 699195003 703273002

9267009 52598005 59021001 428171009 428926002 149841000119109 713412006 12237111000119107 12237231000119107
10378005 19951005 73607007 73770003



134439009 233844002 315016007 315021005 315038009 315039001 315290008 315348000 315614006 390799004 390907003 394724007 401247006 401248001 401250009 401251008 401252001 401253006 401254000 401331007 401332000 407612004 412781005 53741008 426579008 170601008 450759008 699195003 703273002

438367009 713678009
134439009 233844002 315016007 315021005 315038009 315039001 315290008 315348000 315614006 390799004 390907003 394724007 401247006 401248001 401250009 401251008 401252001 401253006 401254000 401331007 401332000 407612004 412781005 53741008 426579008 170601008 450759008 699195003 703273002



64730000 426285000




134439009 233844002 315016007 315021005 315038009 315039001 315290008 315348000 315614006 390799004 390907003 394724007 401247006 401248001 401250009 401251008 401252001 401253006 401254000 401331007 401332000 407612004 412781005 53741008 426579008 170601008 450759008 699195003 703273002






134439009 233844002 315016007 315021005 315038009 315039001 315290008 315348000 315614006 390799004 390907003 394724007 401247006 401248001 401250009 401251008 401252001 401253006 401254000 401331007 401332000 407612004 412781005 53741008 426579008 170601008 450759008 699195003 703273002
233844002 240567009 304915008 371803003 371804009 371915000 194842008 194843003 233817007 53741008 420006002 428375006 428308007 430091005 472100003 473146006 473449006 699196002 703273002 703356002




315014005

134439009 233844002 315016007 315021005 315038009 315039001 315290008 315348000 315614006 390799004 390907003 394724007 401247006 401248001 401250009 401251008 401252001 401253006 401254000 401331007 401332000 407612004 412781005 53741008 426579008 170601008 450759008 699195003 703273002
