49956009 56272000 113110002 128055005 134399007 161508001 197001004 200232006 200233001 200237000 200238005 213220000 225999004 234041004 234044007 14534009 17920008 401186003 128053003 404223003 413459009 413956008 429053008 427775006 427776007 431883007 432805000 439993001 438785004 443210003 444325005 651000119108 132601000119102 134961000119104 132191000119103 135011000119102 135001000119100 132151000119108 132291000119106 132261000119104 132161000119105 132201000119100 132251000119101 132301000119107 702845003 703277001 709687000 141911000119100 710167004 285381000119104

49956009 56272000 113110002 128055005 134399007 161508001 197001004 200232006 200233001 200237000 200238005 213220000 225999004 234041004 234044007 14534009 17920008 401186003 128053003 404223003 413459009 413956008 429053008 427775006 427776007 431883007 432805000 439993001 438785004 443210003 444325005 651000119108 132601000119102 134961000119104 132191000119103 135011000119102 135001000119100 132151000119108 132291000119106 132261000119104 132161000119105 132201000119100 132251000119101 132301000119107 702845003 703277001 709687000 141911000119100 710167004 285381000119104
9791004 71049009 362067000 362070001

49956009 56272000 113110002 128055005 134399007 161508001 197001004 200232006 200233001 200237000 200238005 213220000 225999004 234041004 234044007 14534009 17920008 401186003 128053003 404223003 413459009 413956008 429053008 427775006 427776007 431883007 432805000 439993001 438785004 443210003 444325005 651000119108 132601000119102 134961000119104 132191000119103 135011000119102 135001000119100 132151000119108 132291000119106 132261000119104 132161000119105 132201000119100 132251000119101 132301000119107 702845003 703277001 709687000 141911000119100 710167004 285381000119104


49956009 56272000 113110002 128055005 134399007 161508001 197001004 200232006 200233001 200237000 200238005 213220000 225999004 234041004 234044007 14534009 17920008 401186003 128053003 404223003 413459009 413956008 429053008 427775006 427776007 431883007 432805000 439993001 438785004 443210003 444325005 651000119108 132601000119102 134961000119104 132191000119103 135011000119102 135001000119100 132151000119108 132291000119106 132261000119104 132161000119105 132201000119100 132251000119101 132301000119107 702845003 703277001 709687000 141911000119100 710167004 285381000119104



225999004

49956009 56272000 113110002 128055005 134399007 161508001 197001004 200232006 200233001 200237000 200238005 213220000 225999004 234041004 234044007 14534009 17920008 401186003 128053003 404223003 413459009 413956008 429053008 427775006 427776007 431883007 432805000 439993001 438785004 443210003 444325005 651000119108 132601000119102 134961000119104 132191000119103 135011000119102 135001000119100 132151000119108 132291000119106 132261000119104 132161000119105 132201000119100 132251000119101 132301000119107 702845003 703277001 709687000 141911000119100 710167004 285381000119104





49956009 56272000 113110002 128055005 134399007 161508001 197001004 200232006 200233001 200237000 200238005 213220000 225999004 234041004 234044007 14534009 17920008 401186003 128053003 404223003 413459009 413956008 429053008 427775006 427776007 431883007 432805000 439993001 438785004 443210003 444325005 651000119108 132601000119102 134961000119104 132191000119103 135011000119102 135001000119100 132151000119108 132291000119106 132261000119104 132161000119105 132201000119100 132251000119101 132301000119107 702845003 703277001 709687000 141911000119100 710167004 285381000119104



134006 13724007 38062005 85305001 88911008 247525002 247526001 247529008 247530003 247531004 247534007 247536009 251819007 251820001 251826007 267808001 271607001 297999005 299676003 299677007 299678002 299679005 364549000 366659009 366660004 65033000 399289002 462336006
49956009 56272000 113110002 128055005 134399007 161508001 197001004 200232006 200233001 200237000 200238005 213220000 225999004 234041004 234044007 14534009 17920008 401186003 128053003 404223003 413459009 413956008 429053008 427775006 427776007 431883007 432805000 439993001 438785004 443210003 444325005 651000119108 132601000119102 134961000119104 132191000119103 135011000119102 135001000119100 132151000119108 132291000119106 132261000119104 132161000119105 132201000119100 132251000119101 132301000119107 702845003 703277001 709687000 141911000119100 710167004 285381000119104




49956009 56272000 113110002 128055005 134399007 161508001 197001004 200232006 200233001 200237000 200238005 213220000 225999004 234041004 234044007 14534009 17920008 401186003 128053003 404223003 413459009 413956008 429053008 427775006 427776007 431883007 432805000 439993001 438785004 443210003 444325005 651000119108 132601000119102 134961000119104 132191000119103 135011000119102 135001000119100 132151000119108 132291000119106 132261000119104 132161000119105 132201000119100 132251000119101 132301000119107 702845003 703277001 709687000 141911000119100 710167004 285381000119104


49956009 56272000 113110002 128055005 134399007 161508001 197001004 200232006 200233001 200237000 200238005 213220000 225999004 234041004 234044007 14534009 17920008 401186003 128053003 404223003 413459009 413956008 429053008 427775006 427776007 431883007 432805000 439993001 438785004 443210003 444325005 651000119108 132601000119102 134961000119104 132191000119103 135011000119102 135001000119100 132151000119108 132291000119106 132261000119104 132161000119105 132201000119100 132251000119101 132301000119107 702845003 703277001 709687000 141911000119100 710167004 285381000119104










49956009 56272000 113110002 128055005 134399007 161508001 197001004 200232006 200233001 200237000 200238005 213220000 225999004 234041004 234044007 14534009 17920008 401186003 128053003 404223003 413459009 413956008 429053008 427775006 427776007 431883007 432805000 439993001 438785004 443210003 444325005 651000119108 132601000119102 134961000119104 132191000119103 135011000119102 135001000119100 132151000119108 132291000119106 132261000119104 132161000119105 132201000119100 132251000119101 132301000119107 702845003 703277001 709687000 141911000119100 710167004 285381000119104
225999004 413459009



49956009 56272000 113110002 128055005 134399007 161508001 197001004 200232006 200233001 200237000 200238005 213220000 225999004 234041004 234044007 14534009 17920008 401186003 128053003 404223003 413459009 413956008 429053008 427775006 427776007 431883007 432805000 439993001 438785004 443210003 444325005 651000119108 132601000119102 134961000119104 132191000119103 135011000119102 135001000119100 132151000119108 132291000119106 132261000119104 132161000119105 132201000119100 132251000119101 132301000119107 702845003 703277001 709687000 141911000119100 710167004 285381000119104


49956009 56272000 113110002 128055005 134399007 161508001 197001004 200232006 200233001 200237000 200238005 213220000 225999004 234041004 234044007 14534009 17920008 401186003 128053003 404223003 413459009 413956008 429053008 427775006 427776007 431883007 432805000 439993001 438785004 443210003 444325005 651000119108 132601000119102 134961000119104 132191000119103 135011000119102 135001000119100 132151000119108 132291000119106 132261000119104 132161000119105 132201000119100 132251000119101 132301000119107 702845003 703277001 709687000 141911000119100 710167004 285381000119104
225999004
49956009 56272000 113110002 128055005 134399007 161508001 197001004 200232006 200233001 200237000 200238005 213220000 225999004 234041004 234044007 14534009 17920008 401186003 128053003 404223003 413459009 413956008 429053008 427775006 427776007 431883007 432805000 439993001 438785004 443210003 444325005 651000119108 132601000119102 134961000119104 132191000119103 135011000119102 135001000119100 132151000119108 132291000119106 132261000119104 132161000119105 132201000119100 132251000119101 132301000119107 702845003 703277001 709687000 141911000119100 710167004 285381000119104



49956009 56272000 113110002 128055005 134399007 161508001 197001004 200232006 200233001 200237000 200238005 213220000 225999004 234041004 234044007 14534009 17920008 401186003 128053003 404223003 413459009 413956008 429053008 427775006 427776007 431883007 432805000 439993001 438785004 443210003 444325005 651000119108 132601000119102 134961000119104 132191000119103 135011000119102 135001000119100 132151000119108 132291000119106 132261000119104 132161000119105 132201000119100 132251000119101 132301000119107 702845003 703277001 709687000 141911000119100 710167004 285381000119104


49956009 56272000 113110002 128055005 134399007 161508001 197001004 200232006 200233001 200237000 200238005 213220000 225999004 234041004 234044007 14534009 17920008 401186003 128053003 404223003 413459009 413956008 429053008 427775006 427776007 431883007 432805000 439993001 438785004 443210003 444325005 651000119108 132601000119102 134961000119104 132191000119103 135011000119102 135001000119100 132151000119108 132291000119106 132261000119104 132161000119105 132201000119100 132251000119101 132301000119107 702845003 703277001 709687000 141911000119100 710167004 285381000119104
135833008 161941007 267036007 60845006
3424008 6285003 428586009
135833008 161941007 267036007 60845006
49956009 56272000 113110002 128055005 134399007 161508001 197001004 200232006 200233001 200237000 200238005 213220000 225999004 234041004 234044007 14534009 17920008 401186003 128053003 404223003 413459009 413956008 429053008 427775006 427776007 431883007 432805000 439993001 438785004 443210003 444325005 651000119108 132601000119102 134961000119104 132191000119103 135011000119102 135001000119100 132151000119108 132291000119106 132261000119104 132161000119105 132201000119100 132251000119101 132301000119107 702845003 703277001 709687000 141911000119100 710167004 285381000119104




49956009 56272000 113110002 128055005 134399007 161508001 197001004 200232006 200233001 200237000 200238005 213220000 225999004 234041004 234044007 14534009 17920008 401186003 128053003 404223003 413459009 413956008 429053008 427775006 427776007 431883007 432805000 439993001 438785004 443210003 444325005 651000119108 132601000119102 134961000119104 132191000119103 135011000119102 135001000119100 132151000119108 132291000119106 132261000119104 132161000119105 132201000119100 132251000119101 132301000119107 702845003 703277001 709687000 141911000119100 710167004 285381000119104

49956009 56272000 113110002 128055005 134399007 161508001 197001004 200232006 200233001 200237000 200238005 213220000 225999004 234041004 234044007 14534009 17920008 401186003 128053003 404223003 413459009 413956008 429053008 427775006 427776007 431883007 432805000 439993001 438785004 443210003 444325005 651000119108 132601000119102 134961000119104 132191000119103 135011000119102 135001000119100 132151000119108 132291000119106 132261000119104 132161000119105 132201000119100 132251000119101 132301000119107 702845003 703277001 709687000 141911000119100 710167004 285381000119104

49956009 56272000 113110002 128055005 134399007 161508001 197001004 200232006 200233001 200237000 200238005 213220000 225999004 234041004 234044007 14534009 17920008 401186003 128053003 404223003 413459009 413956008 429053008 427775006 427776007 431883007 432805000 439993001 438785004 443210003 444325005 651000119108 132601000119102 134961000119104 132191000119103 135011000119102 135001000119100 132151000119108 132291000119106 132261000119104 132161000119105 132201000119100 132251000119101 132301000119107 702845003 703277001 709687000 141911000119100 710167004 285381000119104

49956009 56272000 113110002 128055005 134399007 161508001 197001004 200232006 200233001 200237000 200238005 213220000 225999004 234041004 234044007 14534009 17920008 401186003 128053003 404223003 413459009 413956008 429053008 427775006 427776007 431883007 432805000 439993001 438785004 443210003 444325005 651000119108 132601000119102 134961000119104 132191000119103 135011000119102 135001000119100 132151000119108 132291000119106 132261000119104 132161000119105 132201000119100 132251000119101 132301000119107 702845003 703277001 709687000 141911000119100 710167004 285381000119104

49956009 56272000 113110002 128055005 134399007 161508001 197001004 200232006 200233001 200237000 200238005 213220000 225999004 234041004 234044007 14534009 17920008 401186003 128053003 404223003 413459009 413956008 429053008 427775006 427776007 431883007 432805000 439993001 438785004 443210003 444325005 651000119108 132601000119102 134961000119104 132191000119103 135011000119102 135001000119100 132151000119108 132291000119106 132261000119104 132161000119105 132201000119100 132251000119101 132301000119107 702845003 703277001 709687000 141911000119100 710167004 285381000119104

49956009 56272000 113110002 128055005 134399007 161508001 197001004 200232006 200233001 200237000 200238005 213220000 225999004 234041004 234044007 14534009 17920008 401186003 128053003 404223003 413459009 413956008 429053008 427775006 427776007 431883007 432805000 439993001 438785004 443210003 444325005 651000119108 132601000119102 134961000119104 132191000119103 135011000119102 135001000119100 132151000119108 132291000119106 132261000119104 132161000119105 132201000119100 132251000119101 132301000119107 702845003 703277001 709687000 141911000119100 710167004 285381000119104

49956009 56272000 113110002 128055005 134399007 161508001 197001004 200232006 200233001 200237000 200238005 213220000 225999004 234041004 234044007 14534009 17920008 401186003 128053003 404223003 413459009 413956008 429053008 427775006 427776007 431883007 432805000 439993001 438785004 443210003 444325005 651000119108 132601000119102 134961000119104 132191000119103 135011000119102 135001000119100 132151000119108 132291000119106 132261000119104 132161000119105 132201000119100 132251000119101 132301000119107 702845003 703277001 709687000 141911000119100 710167004 285381000119104


49956009 56272000 113110002 128055005 134399007 161508001 197001004 200232006 200233001 200237000 200238005 213220000 225999004 234041004 234044007 14534009 17920008 401186003 128053003 404223003 413459009 413956008 429053008 427775006 427776007 431883007 432805000 439993001 438785004 443210003 444325005 651000119108 132601000119102 134961000119104 132191000119103 135011000119102 135001000119100 132151000119108 132291000119106 132261000119104 132161000119105 132201000119100 132251000119101 132301000119107 702845003 703277001 709687000 141911000119100 710167004 285381000119104



49956009 56272000 113110002 128055005 134399007 161508001 197001004 200232006 200233001 200237000 200238005 213220000 225999004 234041004 234044007 14534009 17920008 401186003 128053003 404223003 413459009 413956008 429053008 427775006 427776007 431883007 432805000 439993001 438785004 443210003 444325005 651000119108 132601000119102 134961000119104 132191000119103 135011000119102 135001000119100 132151000119108 132291000119106 132261000119104 132161000119105 132201000119100 132251000119101 132301000119107 702845003 703277001 709687000 141911000119100 710167004 285381000119104

49956009 56272000 113110002 128055005 134399007 161508001 197001004 200232006 200233001 200237000 200238005 213220000 225999004 234041004 234044007 14534009 17920008 401186003 128053003 404223003 413459009 413956008 429053008 427775006 427776007 431883007 432805000 439993001 438785004 443210003 444325005 651000119108 132601000119102 134961000119104 132191000119103 135011000119102 135001000119100 132151000119108 132291000119106 132261000119104 132161000119105 132201000119100 132251000119101 132301000119107 702845003 703277001 709687000 141911000119100 710167004 285381000119104

49956009 56272000 113110002 128055005 134399007 161508001 197001004 200232006 200233001 200237000 200238005 213220000 225999004 234041004 234044007 14534009 17920008 401186003 128053003 404223003 413459009 413956008 429053008 427775006 427776007 431883007 432805000 439993001 438785004 443210003 444325005 651000119108 132601000119102 134961000119104 132191000119103 135011000119102 135001000119100 132151000119108 132291000119106 132261000119104 132161000119105 132201000119100 132251000119101 132301000119107 702845003 703277001 709687000 141911000119100 710167004 285381000119104
49956009 56272000 113110002 128055005 134399007 161508001 197001004 200232006 200233001 200237000 200238005 213220000 225999004 234041004 234044007 14534009 17920008 401186003 128053003 404223003 413459009 413956008 429053008 427775006 427776007 431883007 432805000 439993001 438785004 443210003 444325005 651000119108 132601000119102 134961000119104 132191000119103 135011000119102 135001000119100 132151000119108 132291000119106 132261000119104 132161000119105 132201000119100 132251000119101 132301000119107 702845003 703277001 709687000 141911000119100 710167004 285381000119104

49956009 56272000 113110002 128055005 134399007 161508001 197001004 200232006 200233001 200237000 200238005 213220000 225999004 234041004 234044007 14534009 17920008 401186003 128053003 404223003 413459009 413956008 429053008 427775006 427776007 431883007 432805000 439993001 438785004 443210003 444325005 651000119108 132601000119102 134961000119104 132191000119103 135011000119102 135001000119100 132151000119108 132291000119106 132261000119104 132161000119105 132201000119100 132251000119101 132301000119107 702845003 703277001 709687000 141911000119100 710167004 285381000119104
49956009 56272000 113110002 128055005 134399007 161508001 197001004 200232006 200233001 200237000 200238005 213220000 225999004 234041004 234044007 14534009 17920008 401186003 128053003 404223003 413459009 413956008 429053008 427775006 427776007 431883007 432805000 439993001 438785004 443210003 444325005 651000119108 132601000119102 134961000119104 132191000119103 135011000119102 135001000119100 132151000119108 132291000119106 132261000119104 132161000119105 132201000119100 132251000119101 132301000119107 702845003 703277001 709687000 141911000119100 710167004 285381000119104
49956009 56272000 113110002 128055005 134399007 161508001 197001004 200232006 200233001 200237000 200238005 213220000 225999004 234041004 234044007 14534009 17920008 401186003 128053003 404223003 413459009 413956008 429053008 427775006 427776007 431883007 432805000 439993001 438785004 443210003 444325005 651000119108 132601000119102 134961000119104 132191000119103 135011000119102 135001000119100 132151000119108 132291000119106 132261000119104 132161000119105 132201000119100 132251000119101 132301000119107 702845003 703277001 709687000 141911000119100 710167004 285381000119104

