

191519005 273549005 6475002 66108005 425390006 416780008 416975007 698949001 698955006 698954005 698948009 82361000119107 715454006 7121000122100 716610001 717679002



38341003 170581003 170582005 163028000




395321006 710159007 710815001 710814002 710817009 710816000 711149003 711150003 133621000119103 106631000119102 106511000119106 106691000119103 140561000119102 106521000119104 10838971000119103 139181000119106 131531000119103 106701000119103 106571000119103 15929421000119103 113531000119106 113521000119108 130721000119103 118921000119106 347841000119106 328941000119101 106581000119100 123981000119109 15929341000119102 98001000119105 15929381000119107 118931000119109 11012701000119107 15929461000119108 126951000119109 12384021000119106 53081000119101 69521000119101 329071000119104 150881000119107 113541000119102 61251000119108 113481000119108 127721000119100 15625451000119105 117431000119101 15625371000119108 61261000119105 118911000119104 329061000119105 11012741000119109 15625411000119109 16234971000119108 123971000119106 15929581000119100 106551000119107 118901000119102
415238003
312991009 80098002 135811000119107









446050000 709006008



78275009 232531007 1101000119103 1091000119108 101301000119106 16275741000119100



78275009 232531007 1101000119103 1091000119108 101301000119106 16275741000119100
5148006 5375005 10633002 36315003 42343007 60899001 66989003 74960003 77970009 80479009 82523003 83105008 88805009 90727007 92506005 134378009 194767001 194779001 194781004 403298007 426611007 426263006 433305001 438367009 96311000119109 67431000119105 67441000119101 101281000119107 698296002 698594003 50781000119109 23341000119109 72481000119103 15781000119107 702843005 708018005 11016261000119104 713678009 720700006 15629591000119103 15629541000119106 717840005
448765001













430337004











698464007


438367009 713678009






230493001





















226028008 228864003 261774000 306751006








