








19861002







47505003


281122004 385887004 390809004 390810009 391035008 391036009 391038005 391041001 391042008 391043003 391054008 391281002 410223002 410226005 410229003 410232000 439312002 446812005 446008000 704046000 707290007 723559001


52702003




712491005








16275741000119100









249473004







43692000 54150009 54398005 78337007 195708003 281794004 312118003 10685111000119102 142941000119109 142921000119103 328531000119104 716673006 719522009







160329001 161469008 700143000














78275009 232531007 1101000119103 1091000119108 101301000119106 16275741000119100












446050000 709006008




446050000 709006008



