










271062006
13165004 34259007 49167009 104687008 113076002 166926006 274858002 372046001 372048000 372050008 372051007 372054004 372055003 166929004 166928007 166927002 442260000 442250009 699731004

40979000



233844002 240567009 304915008 371803003 371804009 371915000 194842008 194843003 233817007 53741008 420006002 428375006 428308007 430091005 472100003 473146006 473449006 699196002 703273002 703356002









69878008
3528008 66539004











273446001 273725009 273831003 391167008 405152002 445074007 704681002 705030000 705031001 705033003 705034009 705035005 705036006 709503007 718907004















421920002 421165007 420789003




























6497000 35425004 48499001 60621009 162863004 162864005 301331008 310252000 408512008 412768003 427090001 446974000 448051009 698094009 701072008 705131003 715456008 722562008 722563003 722595002


161639008 161640005 315016007 394688002 394689005 394690001 609389009 609388001










