














224994002 44772007

12803000 28701003








38341003 170581003 170582005 163028000
713237003 713238008


38341003 170581003 170582005 163028000




24184005

430678008 430679000 433380009 472969004 472970003 698457005 93931000119108 719761003 719763000 734154002 119511000119103 119521000119105










171247004 271346009


38341003 170581003 170582005 163028000
38341003 170581003 170582005 163028000















38341003 170581003 170582005 163028000


48194001 199139003 67359005 440536005 473184000 698638005 40521000119100











41587001 472839005 6261000119104 6251000119101




206161005 276610007 276611006 276612004 284459006 37251000119108 128161000119105 128131000119102
38341003 170581003 170582005 163028000

38341003 170581003 170582005 163028000
15394000




24184005


