

















1266002 39201003 39895008 40723007 60442001 95813007 194315002 194318000 232247005 267672001 307497002 48523008 7361000119105




47545007 423574009 229308003 429487005 229310001 446573003 448134000 706226000 467645007 702172008 711347008 712828004 716580003 716581004 716582006



171230000 196001008 313296004 313297008 313299006 13645005 390891009 390941006 394702007 394703002 395159008 401184000 401185004 401200002 408552005 412776001 413845009 414087000 445312005 445192002 445602009 445811006 446660005 473202005 473223004 697911002 408501008 702839006 704120002 704121003 704123000 195951007 135836000 10692761000119107 716358000 723245007





135833008 161941007 267036007 60845006








126951006 1538006 6118003 10706006 18007005 21483005 21523006 23649000 23853001 25053000 26039008 31076000 37145001 39367000 46322009 47514008 55550006 61803000 75853001 79539004 80544005 80690008 87536007 92048008 93744007 94243009 94784008 106018006 109911004 118679007 119234009 128117002 128119004 128120005 128124001 128126004 57592002 1231004 111868009 122855004 128396002 128410006 186482006 187148002 187253003 192763001 192769002 194457007 199519007 200061003 200063000 200064006 200065007 200066008 200078007 212641008 213207003 216562003 218696007 220363002 230564004 230733004 230734005 230765001 240720008 246556002 250843004 253062001 253157004 254368001 267252001 268970009 269268004 274520005 277333006 277949001 278199004 279107003 288293001 292258003 293800002 295808006 296290006 302810003 312652001 312653006 349897000 362294006 363253006 363821008 45639009 372062007 372752008 14246007 389081007 396920006 396921005 396922003 396923008 396924002 396925001 397614000 399436000 399542003 399551006 399614009 399728008 399732002 405726001 406559005 406562008 406563003 406564009 406566006 406567002 406568007 406569004 406570003 406571004 406572006 406578005 406579002 406580004 406581000 406582007 406586005 406587001 406588006 406589003 406590007 406592004 406594003 406596001 406598000 406599008 406616008 406620007 240458006 292410009 321087001 410057002 307649006 73663008 266993007 288295008 418944009 418072004 261731003 246557006 260766009 277460003 420718004 422203007 421923000 421074006 163899004 163900009 163901008 309647004 310522007 160257005 432258004 441576005 269440001 449221001 448254007 448995000 266891008 473371002 13601000119109 81682002 395089003 4447001 164076008 106175004 261789009 699814001 700698009 10749811000119108 704274002 98251000119101 16209251000119104 82501000119102 147131000119101 87151000119105 147101000119108 61301000119102 61291000119103 116821000119104 116811000119106 713543002 713571008 715507005 718326004 16079691000119105 720364002 717960003 721768006 722574007 723512008 724783000 85881000119100 724549005 724807008 724776007 724772009 724781003 724784006 724782005 724780002 726669007 727447003 728891009 731864008 734017008 733926004 734065009 734066005 734068006 734099007 734113005 733200004




134439009 233844002 315016007 315021005 315038009 315039001 315290008 315348000 315614006 390799004 390907003 394724007 401247006 401248001 401250009 401251008 401252001 401253006 401254000 401331007 401332000 407612004 412781005 53741008 426579008 170601008 450759008 699195003 703273002
16100001 34468006 61096000 87309006 184305005 430289007 430288004 441760003 698715003 200156003





14718009 30667004 32425009 32758004 38566003 41863008 43906007 46319007 59118001 66568003 76887001 164907000 233919006 251123001 251124007 445263008 445393004 713427006 713426002









135833008 161941007 267036007 60845006

16100001 34468006 61096000 87309006 184305005 430289007 430288004 441760003 698715003 200156003






242679007 242680005







128841001 109992005













135833008 161941007 267036007 60845006



241541005 16335031000119103
