



15676002 18192007 26424001 84871007 194709000 200951007 312591002


15676002 18192007 26424001 84871007 194709000 200951007 312591002







14718009 30667004 32425009 32758004 38566003 41863008 43906007 46319007 59118001 66568003 76887001 164907000 233919006 251123001 251124007 445263008 445393004 713427006 713426002


16063004 20005002 23685000 46165000 61012002 87648004 89456004 111284004 312591002




174929002 174937005 174946004 232923009 232951000 431339008 125411000119107 698545003 96271000119109 699347000 33711000119109










304213008








251000001 251001002


12445005 28886004 30288003 52930005 62118003 75078003 76025005 80387009 80733000 86299006 86971008 89814007 109427000 109428005 123714004 204312002 204330009 109430007 233047008 233099005 233100002 233104006 233127003 233129000 233130005 233846000 253298003 253299006 253300003 253415001 253416000 253417009 253418004 253422009 253515003 253551005 253552003 253553008 253554002 253555001 253556000 253559007 253562005 253563000 253564006 253565007 253566008 253567004 253568009 253569001 253570000 253571001 253591008 360481003 44777001 7484005 94706008 373131000 384648009 439707001 439714004 442087005 443260009 445299003 445264002 445334007 253420001 253419007 447698003 449385006 449525009 449526005 448827000 448062009 449190000 448794008 448871001 448876006 447941008 447942001 449524008 449379004 448155003 447852001 448118003 447670001 447671002 447672009 447675006 448331000 448201009 448780007 448411000 449503003 447777009 447778004 449178002 448475002 448516008 447838003 447839006 448182006 448183001 448184007 253421002 448919005 459161004 459172009 459181003 460358000 472770005 472771009 472795006 472796007 472807003 473118009 471280008 698944006 699078008 37851000119107 703519007 704450003






6433003 74406002 701898003


252195001 46136006 428813002


6433003 74406002 701898003




3424008 6285003



67754003 429347004


48867003


200308001 200309009 200310004 200311000 267284008 441557008
247405003

233059007 233912002 258543009 258545002 271984008 307279007 449843004 285961000119107



46258004 250908004 250939002








405633009

194926000 459056003


225943002 225956009 78648007 407560009 413590008 702480009 702479006 704360006 704418008 707085002 711126000




