

230412007




38341003 170581003 170582005 163028000



















78275009 232531007 1101000119103 1091000119108 101301000119106 16275741000119100
53057004 92730009 181027009 181030002 181037004 181038009 181039001 181040004 181041000 201488005 202151000 211311003 217908003 231148008 231154009 231155005 239241005 239242003 249751005 249758004 268117002 269715009 277899003 283160004 283161000 283162007 283201009 283202002 283203007 283250003 283251004 283252006 283289009 283290000 283291001 283647006 299043001 315036008 347546005 371104006 402190004 402231007 402286008 428363001 287116000 710961002 724800005 724798003 727561006 727564003 727569008 727570009 727571008 727572001 727573006 728788001














193000002 84201000119105

352818000








52718009 314158000



166891009

166891009
79890006 192017004 405788002
















431330007 431331006 428748002 143691000119102


431330007 431331006 428748002 143691000119102











127063008 12770006 13213009 78485007 160364005 237227006 253264007 312207008 47535005 412787009 417546002 471880001 473196007 473198008 473197003 473381003 697905000 702842000 64041000119100 720606005 720639008 721073008 717943008 722206009 726704006


74390002

723245007
74390002
