









225943002 225956009 78648007 407560009 413590008 702480009 702479006 704360006 704418008 707085002 711126000
































38341003 170581003 170582005 163028000









369051000119101
38341003 170581003 170582005 163028000
38341003 170581003 170582005 163028000







23154005 42689008 49844009 53813002 271650006 314451001 314452008 314453003 314454009 314455005 314456006 314457002 314458007 314459004 314460009 314461008 314462001 314465004 315613000 174255007 251073000 400975005 407555005 407557002 413605002 163031004 446226005 708507001 716632005








174997007 253546004 428589002 445235006 445001003 445003000 445131007 445453003 445454009 445310002 449118008 448778001 448823001 470753008 472787007
360465008








23154005 42689008 49844009 53813002 271650006 314451001 314452008 314453003 314454009 314455005 314456006 314457002 314458007 314459004 314460009 314461008 314462001 314465004 315613000 174255007 251073000 400975005 407555005 407557002 413605002 163031004 446226005 708507001 716632005
23154005 42689008 49844009 53813002 271650006 314451001 314452008 314453003 314454009 314455005 314456006 314457002 314458007 314459004 314460009 314461008 314462001 314465004 315613000 174255007 251073000 400975005 407555005 407557002 413605002 163031004 446226005 708507001 716632005






135833008 161941007 267036007 60845006



48867003
12763006 271870002 45007003 163022004 163023009 163024003 472960000
135796009 135806009 135823000 135825007 292452004 293994004 373304005 48698004 408491002 413175002 418559008 406769001 291288009 296357009 296356000 291287004 722047001



