




9953008 41309000 50325005 713181003 713370005 722866000
4953006 6749002 67426006 82782008 87460008 89507002 212809004 212813006 228357007 228358002 268796000 205791004 609438005 36558000 698321001







197315008 50325005 722866000

197315008 50325005 722866000
38341003 170581003 170582005 163028000

197362001

411861000

708248004

































9953008 41309000 50325005 713181003 713370005 722866000

69878008







79720007 197279005 197324004 197359004 197360009 197361008 328383001 444918006 1092801000119102 713181003 713370005
79720007 197279005 197324004 197359004 197360009 197361008 328383001 444918006 1092801000119102 713181003 713370005





442134007














197315008 50325005 722866000










