



270477000 247358007 83921000119106





248274002
418304008 441530006 443343001 443344007 120891000119109 120881000119106 609555007 120901000119108 153931000119109 153951000119103 153941000119100



52702003












733495001







61745006



















160270001 266894000 438825005 439724007
166891009

276885007 276887004 415882003 415974002 431598003 415929009 415945006 364246006 307047009 698831002 698832009 708499008









38341003 170581003 170582005 163028000












371073003







228557008 302230009 304891004 311594008 425680009 429329005 444175001 718026005









