19861002

3424008 6285003 428586009
















3469002 5083008 6500006 6821004 11406003 14020004 22045003 25515000 26876007 28571002 29673001 31577002 33047005 34384008 35847008 38305003 42066004 42367004 43138003 46541008 47255005 52899007 53080007 54296007 54975007 55030004 57266005 57332004 59684006 62537000 62738008 66535005 67781003 68140000 70505006 73948007 80027000 81152009 86089006 88756008 89266005 110172003 110176000 110180005 110184001 110188003 110192005 110196008 110200003 110204007 110208005 110212004 110216001 110220002 110224006 110228009 110232003 110235001 111720005 211691005 275450006 287140008 403191005 438482000 446905000 473254000 473273001 473251008 473249009 473245003 473262008 473269004 473258002
3469002 5083008 6500006 6821004 11406003 14020004 22045003 25515000 26876007 28571002 29673001 31577002 33047005 34384008 35847008 38305003 42066004 42367004 43138003 46541008 47255005 52899007 53080007 54296007 54975007 55030004 57266005 57332004 59684006 62537000 62738008 66535005 67781003 68140000 70505006 73948007 80027000 81152009 86089006 88756008 89266005 110172003 110176000 110180005 110184001 110188003 110192005 110196008 110200003 110204007 110208005 110212004 110216001 110220002 110224006 110228009 110232003 110235001 111720005 211691005 275450006 287140008 403191005 438482000 446905000 473254000 473273001 473251008 473249009 473245003 473262008 473269004 473258002






211012003 211220005 211364004 211365003 262550002 269197008 269206003 283346007 283347003 283348008 283349000 283350000 283351001 283352008 283353003 283354009 42032008 42089007 53706009 10662001 15034009 17384006 19108007 25726008 30818003 33155001 35057008 37887002 38189003 4124006 41958008 44352004 45915002 50124004 52705001 56892000 59443003 60298004 67862004 70294003 76584003 77874001 801006 84070009 91060006 428762009 609337004

















37660004





68734002 210114006







446050000 709006008







21548009 63125000 76544007 210564008 233521007 238386003 238396007 283035001 283084009 283125005 283161000 283202002 283251004 283290000 283332007 283348008 283373008 283417001 283467008 283518009 283567006 283617009 283662008 283706003 283755007 283810008 298081002 362746006 368408008 281642007 416080001 443710002 731077003 731878009

225943002 225956009 78648007 407560009 413590008 702480009 702479006 704360006 704418008 707085002 711126000
21548009 63125000 76544007 210564008 233521007 238386003 238396007 283035001 283084009 283125005 283161000 283202002 283251004 283290000 283332007 283348008 283373008 283417001 283467008 283518009 283567006 283617009 283662008 283706003 283755007 283810008 298081002 362746006 368408008 281642007 416080001 443710002 731077003 731878009



21548009 63125000 76544007 210564008 233521007 238386003 238396007 283035001 283084009 283125005 283161000 283202002 283251004 283290000 283332007 283348008 283373008 283417001 283467008 283518009 283567006 283617009 283662008 283706003 283755007 283810008 298081002 362746006 368408008 281642007 416080001 443710002 731077003 731878009









38341003 170581003 170582005 163028000
42957001





407746005 407933006 409580000 424778000








