38341003 170581003 170582005 163028000


274571007 274572000 38950008 702441001
274571007 274572000 38950008 702441001
274571007 274572000 38950008 702441001


5148006 5375005 10633002 36315003 42343007 60899001 66989003 74960003 77970009 80479009 82523003 83105008 88805009 90727007 92506005 134378009 194767001 194779001 194781004 403298007 426611007 426263006 433305001 438367009 96311000119109 67431000119105 67441000119101 101281000119107 698296002 698594003 50781000119109 23341000119109 72481000119103 15781000119107 702843005 708018005 11016261000119104 713678009 720700006 15629591000119103 15629541000119106 717840005




38341003 170581003 170582005 163028000


48696000


266882009 297242006 308068007 64041000119100

160327004 161467005 161611007 371435006 407586004 409137002 438553004 473151000 118501000119105 16464661000119103 690731000119108




697927009









78275009 232531007 1101000119103 1091000119108 101301000119106 16275741000119100

21928008 66990007 77075001 84494001 111513000 193533000 314033007 46168003 92829008 111514006 24151000119106 15739841000119103 15993711000119107 15993671000119108 15993751000119108



















21571006 30041005 55129006 65460003 89215000 33647009 193534006 193546005 193561006 232082003 314784002 92829008 392288006 392291006 232086000 392300000 708176002 336611000119109 342221000119104 347381000119106 15736721000119106



81300002 182957001 183063000 226164007 386619000
81300002 182957001 183063000 226164007 386619000
38341003 170581003 170582005 163028000

















135833008 161941007 267036007 60845006










38341003 170581003 170582005 163028000

38341003 170581003 170582005 163028000
38341003 170581003 170582005 163028000

38341003 170581003 170582005 163028000

