









395009001 704417003 401207004
38341003 170581003 170582005 163028000








































40979000





53081000119101 127721000119100











6497000 35425004 48499001 60621009 162863004 162864005 301331008 310252000 408512008 412768003 427090001 446974000 448051009 698094009 701072008 705131003 715456008 722562008 722563003 722595002

























2192001 35618004 60005003 113228008 180798006 181624003 368055009 368056005 368057001 428761002 700028000 732200009



