277334000 441922002
















































181549009








115929007 127450006



281122004 385887004 390809004 390810009 391035008 391036009 391038005 391041001 391042008 391043003 391054008 391281002 410223002 410226005 410229003 410232000 439312002 446812005 446008000 704046000 707290007 723559001











127348004 127349007 127350007 214031005 214056004 214081001 214082008 214085005 214086006 214089004 214090008 214095003 214096002 214098001 214099009 214100001 214101002 214102009 214104005 214106007 214107003 214108008 214109000 214110005 214111009 214112002 214113007 214116004 214118003 214119006 214120000 214121001 214123003 214124009 214127002 214128007 214129004 214131008 214132001 214134000 214135004 214150008 214151007 214154004 214155003 214156002 214161000 214162007 214164008 214165009 214166005 214168006 214172005 214174006 214175007 214176008 214177004 214179001 214180003 214184007 214185008 214186009 214188005 214189002 214190006 214191005 214208003 214209006 214210001 214211002 214212009 214213004 214215006 214219000 214220006 214221005 214222003 214223008 214224002 214225001 214227009 214231003 214232005 214233000 214234006 214235007 214236008 214237004 214254007 214255008 214256009 214257000 214258005 214259002 214260007 214265002 214266001 214267005 214269008 214270009 214271008 214272001 214273006 214276003 214277007 214278002 214279005 214280008 214281007 214282000 214284004 214288001 214289009 214291001 214292008 214293003 214294009 214295005 214296006 214299004 214300007 214301006 214304003 214305002 214306001 214307005 214308000 214312006 214313001 214314007 214315008 214316009 214317000 214318005 214319002 214323005 214324004 214325003 214326002 214327006 214328001 214329009 214330004 214344005 214345006 214346007 214347003 214348008 214349000 214350000 214352008 214353003 214356006 214357002 214358007 214359004 214360009 214361008 214362001 214363006 214364000 214367007 214368002 214369005 214370006 214371005 214372003 214373008 214374002 214378004 214379007 214380005 214381009 214384001 214385000 214386004 214389006 214390002 214391003 214392005 214393000 214394006 214395007 214396008 214397004 214400008 214401007 214402000 214403005 214405003 214406002 214407006 214408001 214409009 214412007 214413002 214414008 214415009 214416005 214417001 214418006 214419003 214420009 214435005 214436006 214437002 214438007 214439004 214440002 214441003 214442005 214443000 214444006 214447004 214448009 214449001 214450001 214451002 214452009 214453004 214454005 214455006 214458008 214459000 214460005 214462002 214464001 214465000 214466004 214469006 214471006 214472004 214473009 214474003 214475002 214476001 214477005 214503008 214504002 214505001 214507009 214508004 214509007 214510002 214511003 214512005 214515007 214516008 214517004 214518009 214520007 214521006 214523009 214526001 214527005 214528000 214529008 214530003 214531004 214532006 214533001 214534007 214538005 214539002 214540000 214541001 214542008 214543003 214544009 214545005 214548007 214549004 214550004 214551000 214552007 214553002 214555009 214556005 214560008 214561007 214562000 214563005 214564004 214565003 214566002 214571009 214572002 214573007 214574001 214575000 214576004 214577008 214578003 214582001 214584000 214585004 214586003 214587007 214588002 214589005 214593004 214594005 214595006 214596007 214597003 214598008 214599000 214601003 214604006 214605007 214606008 214607004 214609001 214610006 214611005 214613008 214640008 214641007 214642000 214643005 214644004 214645003 214646002 214647006 214648001 214649009 214650009 214654000 214656003 214657007 214658002 214659005 214661001 214662008 214666006 214667002 214668007 214669004 214670003 214671004 214672006 214673001 214678005 214680004 214681000 214682007 214683002 214687001 214688006 214689003 214690007 214691006 214692004 214693009 214694003 214695002 214698000 214699008 214702001 214703006 214704000 214705004 214722002 214724001 214725000 214726004 214727008 214728003 214729006 214730001 214734005 214735006 214736007 214737003 214738008 214740003 214741004 214745008 214746009 214747000 214748005 214749002 214750002 214751003 214752005 214755007 214756008 214757004 214758009 214759001 214760006 214761005 214762003 214763008 214766000 214767009 214768004 214769007 214770008 214771007 214772000 214773005 214774004 214777006 214778001 214779009 214780007 214781006 214782004 214783009 214784003 214788000 214790004 214791000 214792007 214793002 214794008 214795009 214796005 214834003 214835002 214836001 214837005 214838000 214839008 214840005 214841009 214842002 214845000 214846004 214847008 214848003 214849006 214850006 214851005 214852003 214853008 214867004 214868009 214869001 214870000 214871001 214872008 214873003 214874009 214875005 214878007 214879004 214880001 214881002 214882009 214883004 214884005 214885006 214886007 214914000 214915004 214916003 214917007 214918002 214919005 214921000 214922007 214925009 214926005 214927001 214928006 214929003 214930008 214931007 214933005 214936002 214937006 214938001 214939009 214940006 214941005 214942003 214943008 214944002 214959008 214960003 214961004 214962006 214963001 214964007 214965008 214966009 214967000 214970001 214971002 214972009 214974005 214975006 214977003 214978008 214981003 214982005 214983000 214984006 214985007 214987004 214989001 214992002 214994001 214995000 214996004 214997008 215000006 215003008 215004002 215005001 215006000 215007009 215008004 215009007 215010002 215011003 215015007 215016008 215017004 215018009 215019001 215020007 215021006 215022004 215023009 215026001 215027005 215028000 215029008 215030003 215031004 215032006 215033001 215034007 215037000 215038005 215039002 215040000 215041001 215042008 215043003 215044009 215045005 215048007 215049004 215050004 215051000 215053002 215054008 215055009 215056005 215059003 215060008 215061007 215062000 215063005 215064004 215066002 215067006 215068001 215071009 215072002 215073007 215074001 215075000 215076004 215077008 215078003 215079006 215082001 215083006 215085004 215086003 215087007 215088002 215089005 215090001 215134009 215135005 215136006 215137002 215138007 218247007 242099000 242100008 242101007 242102000 242103005 242104004 242105003 242106002 242107006 242116005 242119003 242139004 269655003 269657006 269658001 302974001 407153006 418399005 709067002 709066006 7360001000004106























127297005 127298000 127299008 127300000 127301001 127302008 127308007 127309004 127310009 127311008 127312001 1430001 3119002 5073009 5470004 5886004 6147005 7711006 7819003 7862002 9501009 9978007 10061007 10256000 12912004 13289004 13752003 111673001 14434006 16837005 16907002 17169009 17498002 17667005 18485009 18531006 18605003 19210000 19233004 20167009 20276007 22693008 22825007 23026001 25185004 25689009 26205001 27923006 28156009 29635000 29807001 32834005 33117006 34135005 34501004 34751006 35672006 36716000 36822000 111677000 37134004 40286002 40135004 38761006 40549004 40863000 41025001 41870008 42670008 45659008 47450003 47462004 47979002 47983002 51101002 52902005 52913008 53267002 53429002 53730006 54637009 55885004 57012007 57099002 58070005 59029004 59561005 59633005 59648004 60546000 62106007 62564004 62973004 63023005 63323000 64337000 64413001 65535000 66393002 66976009 67378005 69178005 69458009 70686002 70861009 72797002 73308006 73439007 75507000 76418009 78477003 78525006 79228001 81268009 81412002 111671004 81520002 82637004 84792001 84803006 84900008 85314006 86010003 86182004 86488006 87020000 87253004 87345009 88747000 90165008 90178008 90429009 91168001 91216000 111679002 111681000 207689001 207690005 207691009 207692002 207693007 207707005 207708000 207709008 207710003 207711004 207727006 207728001 207729009 207730004 207731000 207745006 207746007 207747003 207748008 207749000 209827006 209828001 209829009 209830004 209845006 209847003 209848008 209849000 209850000 209864000 209865004 209866003 209867007 209868002 209883007 209884001 209885000 209886004 209887008 209902003 209903008 209904002 209905001 209906000 209920007 209921006 209922004 209923009 209924003 209940000 209958006 209978003 275946007 371050006 419045004 428913001 450552002 450569000 450551009 698616008 698618009 698620007 329671000119106

