



63739005 123641001 123642008 408546009 23311000119105 17531000119105 78741000119103 703356002 15713121000119105 15713081000119108 713617008 117051000119103










5148006 5375005 10633002 36315003 42343007 60899001 66989003 74960003 77970009 80479009 82523003 83105008 88805009 90727007 92506005 134378009 194767001 194779001 194781004 403298007 426611007 426263006 433305001 438367009 96311000119109 67431000119105 67441000119101 101281000119107 698296002 698594003 50781000119109 23341000119109 72481000119103 15781000119107 702843005 708018005 11016261000119104 713678009 720700006 15629591000119103 15629541000119106 717840005


79561009 362007002 419177004 431597008

10335000 44313006 66989003 80479009 128404006 359617009 426012001 83291003 23341000119109



5148006 5375005 10633002 36315003 42343007 60899001 66989003 74960003 77970009 80479009 82523003 83105008 88805009 90727007 92506005 134378009 194767001 194779001 194781004 403298007 426611007 426263006 433305001 438367009 96311000119109 67431000119105 67441000119101 101281000119107 698296002 698594003 50781000119109 23341000119109 72481000119103 15781000119107 702843005 708018005 11016261000119104 713678009 720700006 15629591000119103 15629541000119106 717840005



4387005 11933006 12363009 29474003 42532000 55698005 62118003 62820003 69051005 71346006 75078003 75409000 83698002 86299006 174814003 174815002 174817005 174818000 233049006 253512000 253513005 253514004 399228007 425785006 448302004 448007000 36601000119109




4387005 11933006 12363009 29474003 42532000 55698005 62118003 62820003 69051005 71346006 75078003 75409000 83698002 86299006 174814003 174815002 174817005 174818000 233049006 253512000 253513005 253514004 399228007 425785006 448302004 448007000 36601000119109
609386002 609387006


4387005 11933006 12363009 29474003 42532000 55698005 62118003 62820003 69051005 71346006 75078003 75409000 83698002 86299006 174814003 174815002 174817005 174818000 233049006 253512000 253513005 253514004 399228007 425785006 448302004 448007000 36601000119109










38341003 170581003 170582005 163028000
697899000 697898008 697908003 697906004 445237003 697901009 697903007 697900005 697897003 11399002 233945002 697907008 697902002 697904001 697905000



5148006 5375005 10633002 36315003 42343007 60899001 66989003 74960003 77970009 80479009 82523003 83105008 88805009 90727007 92506005 134378009 194767001 194779001 194781004 403298007 426611007 426263006 433305001 438367009 96311000119109 67431000119105 67441000119101 101281000119107 698296002 698594003 50781000119109 23341000119109 72481000119103 15781000119107 702843005 708018005 11016261000119104 713678009 720700006 15629591000119103 15629541000119106 717840005
5148006 5375005 10633002 36315003 42343007 60899001 66989003 74960003 77970009 80479009 82523003 83105008 88805009 90727007 92506005 134378009 194767001 194779001 194781004 403298007 426611007 426263006 433305001 438367009 96311000119109 67431000119105 67441000119101 101281000119107 698296002 698594003 50781000119109 23341000119109 72481000119103 15781000119107 702843005 708018005 11016261000119104 713678009 720700006 15629591000119103 15629541000119106 717840005

16275741000119100
10335000 44313006 66989003 80479009 128404006 359617009 426012001 83291003 23341000119109



166323006 442569003
5148006 5375005 10633002 36315003 42343007 60899001 66989003 74960003 77970009 80479009 82523003 83105008 88805009 90727007 92506005 134378009 194767001 194779001 194781004 403298007 426611007 426263006 433305001 438367009 96311000119109 67431000119105 67441000119101 101281000119107 698296002 698594003 50781000119109 23341000119109 72481000119103 15781000119107 702843005 708018005 11016261000119104 713678009 720700006 15629591000119103 15629541000119106 717840005
248274002
418304008 441530006 443343001 443344007 120891000119109 120881000119106 609555007 120901000119108 153931000119109 153951000119103 153941000119100


27405005 9741000119101 104831000119109 85721000119105 91441000119109 724506009 724504007 724507000


27405005 9741000119101 104831000119109 85721000119105 91441000119109 724506009 724504007 724507000












5148006 5375005 10633002 36315003 42343007 60899001 66989003 74960003 77970009 80479009 82523003 83105008 88805009 90727007 92506005 134378009 194767001 194779001 194781004 403298007 426611007 426263006 433305001 438367009 96311000119109 67431000119105 67441000119101 101281000119107 698296002 698594003 50781000119109 23341000119109 72481000119103 15781000119107 702843005 708018005 11016261000119104 713678009 720700006 15629591000119103 15629541000119106 717840005

230489007 230491004

38341003 170581003 170582005 163028000



27405005 9741000119101 104831000119109 85721000119105 91441000119109 724506009 724504007 724507000




15781000119107



