















40543003 52917009 88187000 9292007







235595009 245754007 266433003 266435005 371101003 371132002 70861000119106






81234003


81234003




















40543003 52917009 88187000 9292007






















233844002 240567009 304915008 371803003 371804009 371915000 194842008 194843003 233817007 53741008 420006002 428375006 428308007 430091005 472100003 473146006 473449006 699196002 703273002 703356002

233844002 240567009 304915008 371803003 371804009 371915000 194842008 194843003 233817007 53741008 420006002 428375006 428308007 430091005 472100003 473146006 473449006 699196002 703273002 703356002


135833008 161941007 267036007 60845006
















