




































78275009 232531007 1101000119103 1091000119108 101301000119106 16275741000119100
41975002






68225006 299674000
















368009 426611007 697927009 716193004

















408418009















395321006 710159007 710815001 710814002 710817009 710816000 711149003 711150003 133621000119103 106631000119102 106511000119106 106691000119103 140561000119102 106521000119104 10838971000119103 139181000119106 131531000119103 106701000119103 106571000119103 15929421000119103 113531000119106 113521000119108 130721000119103 118921000119106 347841000119106 328941000119101 106581000119100 123981000119109 15929341000119102 98001000119105 15929381000119107 118931000119109 11012701000119107 15929461000119108 126951000119109 12384021000119106 53081000119101 69521000119101 329071000119104 150881000119107 113541000119102 61251000119108 113481000119108 127721000119100 15625451000119105 117431000119101 15625371000119108 61261000119105 118911000119104 329061000119105 11012741000119109 15625411000119109 16234971000119108 123971000119106 15929581000119100 106551000119107 118901000119102
415238003
312991009 80098002 135811000119107

