















87522002 191128004 199248002 234340006 371315009 413533008 161456009 10812081000119108 717948004 722005000 724556004 724557008







87522002 191128004 199248002 234340006 371315009 413533008 161456009 10812081000119108 717948004 722005000 724556004 724557008




87522002 191128004 199248002 234340006 371315009 413533008 161456009 10812081000119108 717948004 722005000 724556004 724557008



248274002









































87522002 191128004 199248002 234340006 371315009 413533008 161456009 10812081000119108 717948004 722005000 724556004 724557008


87522002 191128004 199248002 234340006 371315009 413533008 161456009 10812081000119108 717948004 722005000 724556004 724557008




161456009








3424008 6285003







