
10743008 197125005 235838003 235839006 235840008 429964008 440544005 440630006 70871000119100



10743008 197125005 235838003 235839006 235840008 429964008 440544005 440630006 70871000119100


10743008 197125005 235838003 235839006 235840008 429964008 440544005 440630006 70871000119100

10743008 197125005 235838003 235839006 235840008 429964008 440544005 440630006 70871000119100


10743008 197125005 235838003 235839006 235840008 429964008 440544005 440630006 70871000119100

10743008 197125005 235838003 235839006 235840008 429964008 440544005 440630006 70871000119100
10743008 197125005 235838003 235839006 235840008 429964008 440544005 440630006 70871000119100

10743008 197125005 235838003 235839006 235840008 429964008 440544005 440630006 70871000119100




10743008 197125005 235838003 235839006 235840008 429964008 440544005 440630006 70871000119100
10743008 197125005 235838003 235839006 235840008 429964008 440544005 440630006 70871000119100




10743008 197125005 235838003 235839006 235840008 429964008 440544005 440630006 70871000119100





10743008 197125005 235838003 235839006 235840008 429964008 440544005 440630006 70871000119100

10743008 197125005 235838003 235839006 235840008 429964008 440544005 440630006 70871000119100
10743008 197125005 235838003 235839006 235840008 429964008 440544005 440630006 70871000119100
10743008 197125005 235838003 235839006 235840008 429964008 440544005 440630006 70871000119100
346544002





10743008 197125005 235838003 235839006 235840008 429964008 440544005 440630006 70871000119100


79720007 197279005 197324004 197359004 197360009 197361008 328383001 444918006 1092801000119102 713181003 713370005
10743008 197125005 235838003 235839006 235840008 429964008 440544005 440630006 70871000119100
6382002 24526004 38258006 239809007 239814006 356116000 359664009 372644002 410483002 608844008 700104004 721686000






30693006
16208003 39545002 61745006 82285009 183061003 226109004 226111008 226112001 226113006
10743008 197125005 235838003 235839006 235840008 429964008 440544005 440630006 70871000119100


5388008 25744000 38032004 54250004 60414003 190751001 267425008 346544002


10743008 197125005 235838003 235839006 235840008 429964008 440544005 440630006 70871000119100
10743008 197125005 235838003 235839006 235840008 429964008 440544005 440630006 70871000119100
10743008 197125005 235838003 235839006 235840008 429964008 440544005 440630006 70871000119100



10743008 197125005 235838003 235839006 235840008 429964008 440544005 440630006 70871000119100

237638000

10743008 197125005 235838003 235839006 235840008 429964008 440544005 440630006 70871000119100
10743008 197125005 235838003 235839006 235840008 429964008 440544005 440630006 70871000119100
79890006 192017004 405788002

69878008


10743008 197125005 235838003 235839006 235840008 429964008 440544005 440630006 70871000119100
416619008 416767005 416954004




10743008 197125005 235838003 235839006 235840008 429964008 440544005 440630006 70871000119100



10743008 197125005 235838003 235839006 235840008 429964008 440544005 440630006 70871000119100



10743008 197125005 235838003 235839006 235840008 429964008 440544005 440630006 70871000119100


