



9953008 197358007 713370005


9953008 197358007 713370005





79720007 197279005 197324004 197359004 197360009 197361008 328383001 444918006 1092801000119102 713181003 713370005

708248004


9953008 197358007 713370005

235859005

9953008 197358007 713370005












9953008 41309000 50325005 713181003 713370005 722866000












10743008 197125005 235838003 235839006 235840008 429964008 440544005 440630006 70871000119100



9953008 197358007 713370005

713237003 713238008



126857009 6402000 12932003 35286002 40875005 68368005 69170003 72053008 74091007 74477005 79695004 79741001 81115009 88893006 89251007 92067007 92570000 93763008 94262007 94803009 110619001 110620007 110781002 174495007 174497004 174542007 174561006 174562004 174564003 174565002 174569008 174570009 174667001 239005002 248115002 255086002 281095009 294034007 307132003 328895009 329884007 330857008 362199009 369688009 370099000 370100008 370101007 48371009 54987000 395724000 396545000 396546004 396811003 397868007 331865000 441285006 439712000 440471007 447325001 446129006 449192008 448124009 449334003 467701002 467700001 473281000 708632008 708640002 708992008 96081000119101 16213691000119107 16216531000119102 73791000119103 718309005 721559007 726613003 726982001 727389005 731253003 731254009 731255005

9953008 41309000 50325005 713181003 713370005 722866000
103611000119102
1116000 10295004 38662009 50167007 60037002 61977001 66870002 89789003 128302006 186639003 235869004 424340000 713966008






79720007 197279005 197324004 197359004 197360009 197361008 328383001 444918006 1092801000119102 713181003 713370005
















82732003









13265006 76795007 186624004 186626002 235864009 235865005 235868007 406585009 424099008



