

325100008

78275009 232531007 1101000119103 1091000119108 101301000119106 16275741000119100









28728008 28770003 71064009 82525005 253878003 253879006 253880009 431909007



170804003 445033007
28728008 28770003 71064009 82525005 253878003 253879006 253880009 431909007

16208003 39545002 61745006 82285009 183061003 226109004 226111008 226112001 226113006



38341003 170581003 170582005 163028000
38341003 170581003 170582005 163028000








251042004 399957001


61745006 160673009 182959003 183066008 226086005
61745006 160673009 182959003 183066008 226086005

38341003 170581003 170582005 163028000


38341003 170581003 170582005 163028000


78275009 232531007 1101000119103 1091000119108 101301000119106 16275741000119100


78275009 232531007 1101000119103 1091000119108 101301000119106 16275741000119100



78275009 232531007 1101000119103 1091000119108 101301000119106 16275741000119100




419303009






15781000119107


433144002 433146000 431855005 431856006 431857002 444271000 285871000119106 285851000119102 285861000119100 153851000119106 285831000119108 96741000119109 96731000119100 285881000119109 472953006 731000119105 741000119101 721000119107 751000119104 711000119100 129161000119100 96721000119103 117681000119102 129171000119106 129181000119109 96711000119105 129151000119102 96751000119106 698463001 8501000119104 104931000119100 96701000119107 15781000119107 700379002 700378005 10757481000119107 10757401000119104 118781000119108 90731000119103 90721000119101 140121000119100 140131000119102 140101000119109 96441000119101 90741000119107 90751000119109 771000119108 90761000119106 140111000119107 71701000119105 71421000119105 707323002 709044004 285001000119105 285011000119108 284981000119102 284961000119106 284991000119104 284971000119100 713313000 691421000119108 714152005 714153000 691401000119104 691411000119101 720701005 720510004 721183009 722098007 722149000 722150000 722467000



79890006 192017004 405788002

722095005 733137002 733138007 733139004
722095005 733137002 733138007 733139004











698463001











