







182266005 182269003 182272005 182275007 239590009 312543003








































273446001 273725009 273831003 391167008 405152002 445074007 704681002 705030000 705031001 705033003 705034009 705035005 705036006 709503007 718907004





























6497000 35425004 48499001 60621009 162863004 162864005 301331008 310252000 408512008 412768003 427090001 446974000 448051009 698094009 701072008 705131003 715456008 722562008 722563003 722595002




















