

135833008 161941007 267036007 60845006














699009004 713096001 16090371000119103






254632001 254637007 427038005 426964009 703230006 703228009 429226001 722425009 723301009

254632001 254637007 427038005 426964009 703230006 703228009 429226001 722425009 723301009












69761006 85602009 251816000 365402005

















241647000 432244001 91333005 702608007 700319007 448641007 702607002 411611000119102 495741000119105 411571000119106 396171000119100

428748002

315610002


171230000 196001008 313296004 313297008 313299006 13645005 390891009 390941006 394702007 394703002 395159008 401184000 401185004 401200002 408552005 412776001 413845009 414087000 445312005 445192002 445602009 445811006 446660005 473202005 473223004 697911002 408501008 702839006 704120002 704121003 704123000 195951007 135836000 10692761000119107 716358000 723245007





254632001 254637007 427038005 426964009 703230006 703228009 429226001 722425009 723301009
254632001 254637007 427038005 426964009 703230006 703228009 429226001 722425009 723301009



254632001 254637007 427038005 426964009 703230006 703228009 429226001 722425009 723301009



91771000 91772007 11302000 279787005 279841009 279844001 312582001 312583006 314755006 360556003 361065006 362573009 20982000 23757005 27915009 28199004 29270009 3711007 39938006 44078001 57645008 59670001 67788009 67892008 83111006 91341005 91812007 368961005 368962003 368964002 421663001 61001002 91690000 427171006 427291008 426214007 426649006 426379009 426741001 427358002 425523004 699601000 699886009 700037000 421320006 714321003 714488006 714320002 714323000 727317004 730135006 730210009 730739005 730747005 731308002 731816004 731817008 312434009 731811009


254632001 254637007 427038005 426964009 703230006 703228009 429226001 722425009 723301009

16100001 34468006 61096000 87309006 184305005 430289007 430288004 441760003 698715003 200156003


16100001 34468006 61096000 87309006 184305005 430289007 430288004 441760003 698715003 200156003
16100001 34468006 61096000 87309006 184305005 430289007 430288004 441760003 698715003 200156003











