








53057004 92730009 181027009 181030002 181037004 181038009 181039001 181040004 181041000 201488005 202151000 211311003 217908003 231148008 231154009 231155005 239241005 239242003 249751005 249758004 268117002 269715009 277899003 283160004 283161000 283162007 283201009 283202002 283203007 283250003 283251004 283252006 283289009 283290000 283291001 283647006 299043001 315036008 347546005 371104006 402190004 402231007 402286008 428363001 287116000 710961002 724800005 724798003 727561006 727564003 727569008 727570009 727571008 727572001 727573006 728788001
9953008 41309000 50325005 713181003 713370005 722866000
77091003 77702009






16208003 39545002 61745006 82285009 183061003 226109004 226111008 226112001 226113006

38341003 170581003 170582005 163028000









16208003 39545002 61745006 82285009 183061003 226109004 226111008 226112001 226113006

38341003 170581003 170582005 163028000


16208003 39545002 61745006 82285009 183061003 226109004 226111008 226112001 226113006

38341003 170581003 170582005 163028000


16208003 39545002 61745006 82285009 183061003 226109004 226111008 226112001 226113006

38341003 170581003 170582005 163028000

77091003 77702009












422868009
422868009
422868009






















16208003 39545002 61745006 82285009 183061003 226109004 226111008 226112001 226113006
16208003 39545002 61745006 82285009 183061003 226109004 226111008 226112001 226113006

226245008 226252005


228872001 228873006 228876003 228879005 228885003 228886002 228887006 228894009 228898007 228910000 228911001 228912008 228919004 228920005 228921009 228930001 228931002 228970008 228971007 229802005











