







64181000119106














27272007

362992004 363039000 363044007 363045008 187991006 187992004 187993009 187994003 187995002 187996001 187997005 187999008 188000002 188001003 188002005 188003000 188004006 188005007 188006008 188009001 188010006 188015001 188016000 188019007 188020001 188021002 188022009 188023004 188026007 188268004 188867003 188868008 197745008 203664006 203712005 203715007 210916009 239918008 255067005 255068000 271467005 286905003 312225001 21369007 385424001 398021003 399892005 400091006 402614008 402657003 403408001 403814004 405549001 105969002 413994008 423610004 448139005 449293008 447804006 447798009 448554008 448274000 472961001 697903007 703333006 65001000119101 146081000119104 711379004 145751000119104 300161000119106 723081004 724998006





















403814004 363045008




28728008 237890006 253880009 253882001 716662004 717008005 717010007 717011006 717012004 717013009 717014003 717016001 719510006 719511005 719512003 719513008 719514002 719515001 722294004 725151007 725150008 726018006 726017001 723373006









68477002 727182005






38341003 170581003 170582005 163028000









399957001 431545001 430305000 430301009
233844002 240567009 304915008 371803003 371804009 371915000 194842008 194843003 233817007 53741008 420006002 428375006 428308007 430091005 472100003 473146006 473449006 699196002 703273002 703356002

28728008 28770003 71064009 82525005 253878003 253879006 253880009 431909007



56041007 230676009 267402007


8074002 233858000 250989005 276795005 409712001 286031000119106 703359009 721841001






14336007 75878002 175282008 195268001 233374003 233376001 233377005 233985008 275037003 307701005 314186008 315295003 425771001 429167002 429205001 438361005 441612006 444588006 698356002 698357006 698996009 698995008 698994007 698992006 699114003 699667004 139941000119104 707305005 715364001



