









441829007









70953003


427572007




223419009 304532001 609389009 609388001













427196009














254831005





266882009 297242006 308068007 64041000119100



229187003







165109007 165110002 366354008 442665002 441916006
233844002 240567009 304915008 371803003 371804009 371915000 194842008 194843003 233817007 53741008 420006002 428375006 428308007 430091005 472100003 473146006 473449006 699196002 703273002 703356002
233844002 240567009 304915008 371803003 371804009 371915000 194842008 194843003 233817007 53741008 420006002 428375006 428308007 430091005 472100003 473146006 473449006 699196002 703273002 703356002

448765001
226763007 226777005 226778000 226788004








40979000
131017004 131089005 131090001 269847007 61167004 408273009 166336006 166337002 401102003 309080005









