


38341003 170581003 170582005 163028000



16208003 39545002 61745006 82285009 183061003 226109004 226111008 226112001 226113006



38341003 170581003 170582005 163028000
38341003 170581003 170582005 163028000


166890005








40979000









38341003 170581003 170582005 163028000








16208003 39545002 61745006 82285009 183061003 226109004 226111008 226112001 226113006

38341003 170581003 170582005 163028000


69878008








166890005









69878008




166890005

228043003

38341003 170581003 170582005 163028000
69878008



16208003 39545002 61745006 82285009 183061003 226109004 226111008 226112001 226113006

38341003 170581003 170582005 163028000


16208003 39545002 61745006 82285009 183061003 226109004 226111008 226112001 226113006

38341003 170581003 170582005 163028000








16208003 39545002 61745006 82285009 183061003 226109004 226111008 226112001 226113006

38341003 170581003 170582005 163028000
