




16063004 20005002 23685000 46165000 61012002 87648004 89456004 111284004 312591002











16063004 20005002 23685000 46165000 61012002 87648004 89456004 111284004 312591002
216954001 216955000


164782002

165076002


16063004 20005002 23685000 46165000 61012002 87648004 89456004 111284004 312591002
16063004 20005002 23685000 46165000 61012002 87648004 89456004 111284004 312591002




44993000 71799002 79619009 81552002 82458004 194727002 472843009 472851007 703168002 703167007 703225007 703177009 703320000
16063004 20005002 23685000 46165000 61012002 87648004 89456004 111284004 312591002



16063004 20005002 23685000 46165000 61012002 87648004 89456004 111284004 312591002





135833008 161941007 267036007 60845006



30565000
14718009 30667004 32425009 32758004 38566003 41863008 43906007 46319007 59118001 66568003 76887001 164907000 233919006 251123001 251124007 445263008 445393004 713427006 713426002

7824000 10870009 11748006 17394001 21526003 23970008 30123000 60732002 70142008 89222008 95268002 112811009 174866007 194863005 204315000 233006005 233007001 247394006 253371000 253373002 253416000 301130004 310400003 310442001 310443006 47195003 405752007 429278003 432114008 442456000 448118003 448814004 461092004 471279005 698590007 699078008 701993008 721978002 723089002 725145002 725911008
38341003 170581003 170582005 163028000



40023000 44993000 59464004 71799002 81552002 83898004 86466006 194727002 250999000 286947004 370141003 286031000119106 286011000119101 703320000 708121009






10335000 44313006 66989003 80479009 128404006 359617009 426012001 83291003 23341000119109



12065009 21762000 37707006 44927006 241369001 366190005 366194001 366214009 417444002 438484004 444479000 448750002 139741000119102 711113004 714696009
447572000 447303007







708121009






135833008 161941007 267036007 60845006











135833008 161941007 267036007 60845006





