


441377000





8074002 233858000 250989005 276795005 409712001 286031000119106 703359009 721841001
95440004
8074002 233858000 250989005 276795005 409712001 286031000119106 703359009 721841001
95440004
448765001
8074002 233858000 250989005 276795005 409712001 286031000119106 703359009 721841001



448765001

38341003 170581003 170582005 163028000
134439009 233844002 315016007 315021005 315038009 315039001 315290008 315348000 315614006 390799004 390907003 394724007 401247006 401248001 401250009 401251008 401252001 401253006 401254000 401331007 401332000 407612004 412781005 53741008 426579008 170601008 450759008 699195003 703273002
8074002 233858000 250989005 276795005 409712001 286031000119106 703359009 721841001





8074002 233858000 250989005 276795005 409712001 286031000119106 703359009 721841001


8074002 233858000 250989005 276795005 409712001 286031000119106 703359009 721841001



102931001 247818001 723086009
266882009 297242006 64041000119100

8074002 233858000 250989005 276795005 409712001 286031000119106 703359009 721841001

8074002 233858000 250989005 276795005 409712001 286031000119106 703359009 721841001




8074002 233858000 250989005 276795005 409712001 286031000119106 703359009 721841001
8074002 233858000 250989005 276795005 409712001 286031000119106 703359009 721841001
8074002 233858000 250989005 276795005 409712001 286031000119106 703359009 721841001
135833008 161941007 267036007 60845006



8074002 233858000 250989005 276795005 409712001 286031000119106 703359009 721841001
386400004 440314008 710124007


8074002 233858000 250989005 276795005 409712001 286031000119106 703359009 721841001




8074002 233858000 250989005 276795005 409712001 286031000119106 703359009 721841001

8074002 233858000 250989005 276795005 409712001 286031000119106 703359009 721841001


8074002 233858000 250989005 276795005 409712001 286031000119106 703359009 721841001
8074002 233858000 250989005 276795005 409712001 286031000119106 703359009 721841001






8074002 233858000 250989005 276795005 409712001 286031000119106 703359009 721841001



8074002 233858000 250989005 276795005 409712001 286031000119106 703359009 721841001

8074002 233858000 250989005 276795005 409712001 286031000119106 703359009 721841001










135833008 161941007 267036007 60845006



166891009



8074002 233858000 250989005 276795005 409712001 286031000119106 703359009 721841001
