448765001
8074002 233858000 250989005 276795005 409712001 286031000119106 703359009 721841001



38341003 170581003 170582005 163028000


3424008 6285003







8074002 233858000 250989005 276795005 409712001 286031000119106 703359009 721841001
386400004 440314008 710124007






















16063004 20005002 23685000 46165000 61012002 87648004 89456004 111284004 312591002
16063004 20005002 23685000 46165000 61012002 87648004 89456004 111284004 312591002
8074002 233858000 250989005 276795005 409712001 286031000119106 703359009 721841001
8074002 233858000 250989005 276795005 409712001 286031000119106 703359009 721841001




44993000 71799002 79619009 81552002 82458004 194727002 472843009 472851007 703168002 703167007 703225007 703177009 703320000
16063004 20005002 23685000 46165000 61012002 87648004 89456004 111284004 312591002

















609389009 609388001


86299006 89792004 449138009 164877000


86299006 89792004 449138009 164877000

3424008 6285003



289444003





460614005


135833008 161941007 267036007 60845006











