
282006 15990001 30277009 52035003 54329005 57054005 58612006 59063002 62695002 64627002 65547006 70211005 70998009 71023004 73795002 76593002 79009004 194861007 194862000 194863005 194865003 194866002 194867006 194868001 233835003 233838001 233846000 233847009 304914007 315287002 401303003 401314000 194809007 285991000119100 285981000119103 23311000119105 17531000119105 78741000119103 703213009 703164000 703165004 703212004 703251009 703252002 703253007 703330009 703328007 703326006 15712921000119103 15713041000119103 15712841000119100 15713201000119105 15712881000119105 15712961000119108 15713121000119105 15713161000119100 15713081000119108 285721000119104 15960981000119105 723858002 723859005 723860000 723861001
38341003 170581003 170582005 163028000

38341003 170581003 170582005 163028000



134439009 233844002 315016007 315021005 315038009 315039001 315290008 315348000 315614006 390799004 390907003 394724007 401247006 401248001 401250009 401251008 401252001 401253006 401254000 401331007 401332000 407612004 412781005 53741008 426579008 170601008 450759008 699195003 703273002
16100001 34468006 61096000 87309006 184305005 430289007 430288004 441760003 698715003 200156003





371857005 373122000



95281009 117361000119104









282006 15990001 30277009 52035003 54329005 57054005 58612006 59063002 62695002 64627002 65547006 70211005 70998009 71023004 73795002 76593002 79009004 194861007 194862000 194863005 194865003 194866002 194867006 194868001 233835003 233838001 233846000 233847009 304914007 315287002 401303003 401314000 194809007 285991000119100 285981000119103 23311000119105 17531000119105 78741000119103 703213009 703164000 703165004 703212004 703251009 703252002 703253007 703330009 703328007 703326006 15712921000119103 15713041000119103 15712841000119100 15713201000119105 15712881000119105 15712961000119108 15713121000119105 15713161000119100 15713081000119108 285721000119104 15960981000119105 723858002 723859005 723860000 723861001










127047000 127048005 25472008 35434009 36472007 47024008 127040003 193370005 314090007 14227006 372146004 417517009 416214006 416484003 416638004 416826005 417048006 417683006 417748003 417357006 416180004 442186003 473132006 473131004 709142003 367061000119107 722085003 722147003
25488008 55827005 428163005 164873001

401303003 401314000 285991000119100 285981000119103 698593009 703213009 703210007 703164000 703165004 703211006 703209002 703253007 703360004 15712921000119103 15713041000119103 15712841000119100 15713201000119105 15712881000119105 15712961000119108 15713121000119105 15713161000119100 15713081000119108 285721000119104





242679007 242680005



194865003 194866002 194867006

194865003 194866002 194867006


1755008 164867002 233839009 233840006 233841005 233842003


401314000 698593009 703360004


73795002 194858006 233840006 311793000 7326005 703213009 703209002 703251009 703253007
73795002 194858006 233840006 311793000 7326005 703213009 703209002 703251009 703253007
8482007 10365005 12800002 13647002 17269004 22765000 41879009 53655008 55546004 56789007 68059001 91083009 91761002 91762009 91763004 123642008 128557009 128558004 194000007 194066003 194142006 194212001 194296004 194438003 194539008 194641003 194813000 244257005 244258000 253704005 253707003 264150005 312555009 360513008 362037006 373095005 373096006 244260003 448095003 253716004 450300002 450961005 450960006 460437005 460438000 460524009 460538002 460582006 460586009 460923005 460930004 460937001 460944005 461107002 461384000 461435009 461439003 460545002 460588005 460531008 471276003 471277007 471286002 471287006 471289009 471288001 471293003 471291001 471292008 471290000 471299004 473443007 472820000 23311000119105 131561000119106 131551000119109 130551000119103 15713121000119105 727921004
6511003 51815003 52433000 55546004 57396003 57823005 75902001 91753007 91754001 91755000 91756004 91757008 91758003 91759006 91760001 193619006 193684007 193775002 193855000 193929002 194366007 244253009 244254003 244255002 264108005 264161002 360511005 361327006 362036002 429499003 428664003 460588005 460531008 458039003 471289009 471293003 471292008 471290000 131591000119104 131581000119102 216631000119102 727323009
73795002 194858006 233840006 311793000 7326005 703213009 703209002 703251009 703253007


103011000119106

103011000119106







282006 15990001 30277009 52035003 54329005 57054005 58612006 59063002 62695002 64627002 65547006 70211005 70998009 71023004 73795002 76593002 79009004 194861007 194862000 194863005 194865003 194866002 194867006 194868001 233835003 233838001 233846000 233847009 304914007 315287002 401303003 401314000 194809007 285991000119100 285981000119103 23311000119105 17531000119105 78741000119103 703213009 703164000 703165004 703212004 703251009 703252002 703253007 703330009 703328007 703326006 15712921000119103 15713041000119103 15712841000119100 15713201000119105 15712881000119105 15712961000119108 15713121000119105 15713161000119100 15713081000119108 285721000119104 15960981000119105 723858002 723859005 723860000 723861001
3227004 6511003 28248000 36672000 43023001 44024001 50018008 51815003 52433000 55546004 56276002 57396003 57823005 59438005 68787002 75902001 76862008 91748002 91749005 91750005 91751009 91752002 91753007 91754001 91755000 91756004 91757008 91758003 91759006 91760001 123641001 128555001 128556000 175048006 193229006 193304002 193386003 193467007 193540004 193619006 193684007 193775002 193855000 193929002 194366007 244248004 244249007 244250007 244253009 244254003 244255002 253704005 253708008 264108005 264161002 312554008 314216006 314217002 361327006 362034004 362035003 362036002 371804009 373092008 373094009 244260003 428912006 428488008 429499003 428664003 440332008 448095003 253716004 450301003 450302005 285991000119100 285981000119103 459065005 460437005 460524009 460538002 460582006 460587000 460586009 460923005 460930004 460944005 461107002 461435009 461439003 460588005 460531008 458039003 471276003 471277007 471285003 471287006 471289009 471288001 471293003 471291001 471292008 471290000 471298007 473444001 472820000 17531000119105 131521000119101 131591000119104 131581000119102 216621000119100 131601000119106 216631000119102 15713081000119108 726829009 727323009 727918001







394659003
38341003 170581003 170582005 163028000

38341003 170581003 170582005 163028000




103011000119106

