




200687002





20696009 402670007 440346008 725958000


63943002




19780006 19824006 108365000 128936008 128937004 128938009 186537009 238367006 238372002 238406001 238417000 238421007 238424004 238426002 238438006 239190004 240475000 266158001 275441009 57019003 70759006 400164007 400213003 402122002 402133004 402420001 402565007 402796000 402797009 402798004 402857001 402937004 402938009 402976003 402977007 402978002 402979005 402980008 402981007 402982000 402983005 402984004 403840005 29147005 428877005 430348006 432728006 713316008 713340000 715266002 715874005 721265008 721266009 721267000 721767001 733166004










40979000

40979000











712491005









38341003 170581003 170582005 163028000




18418004 62944002 121185009 121204002 121022006 116893005 116921004 116926009 116932004 122366001 122367005 118035008 122345009 122346005 122347001 122348006 72165005 187033005 243606007 372252009 397662006 406104003 406105002 444563003 603414004 603428005 603422006 603430007 603433009 603420003 603417006 603423001 603425008 603427000 603418001 603432004 603421004 603415003 603426009 603416002 603429002 603424007 603419009 603431006 603413005 703888000 709832003 709834002 709831005 709833008 710451000 710652004 712516001 714013001 714427003 714426007 720108005 720107000 722794000 726592002





442164004




40979000




6497000 35425004 48499001 60621009 162863004 162864005 301331008 310252000 408512008 412768003 427090001 446974000 448051009 698094009 701072008 705131003 715456008 722562008 722563003 722595002




167025001






78275009 232531007 1101000119103 1091000119108 101301000119106 16275741000119100







6497000 35425004 48499001 60621009 162863004 162864005 301331008 310252000 408512008 412768003 427090001 446974000 448051009 698094009 701072008 705131003 715456008 722562008 722563003 722595002




