











78275009 232531007 1101000119103 1091000119108 101301000119106 16275741000119100
78275009 232531007 1101000119103 1091000119108 101301000119106 16275741000119100
78275009 232531007 1101000119103 1091000119108 101301000119106 16275741000119100


78275009 232531007 1101000119103 1091000119108 101301000119106 16275741000119100


78275009 232531007 1101000119103 1091000119108 101301000119106 16275741000119100

16275741000119100



78275009 232531007 1101000119103 1091000119108 101301000119106 16275741000119100

78275009 232531007 1101000119103 1091000119108 101301000119106 16275741000119100








78275009 232531007 1101000119103 1091000119108 101301000119106 16275741000119100



78275009 232531007 1101000119103 1091000119108 101301000119106 16275741000119100

78275009 232531007 1101000119103 1091000119108 101301000119106 16275741000119100

78275009 232531007 1101000119103 1091000119108 101301000119106 16275741000119100

78275009 232531007 1101000119103 1091000119108 101301000119106 16275741000119100

78275009 232531007 1101000119103 1091000119108 101301000119106 16275741000119100



78275009 232531007 1101000119103 1091000119108 101301000119106 16275741000119100


78275009 232531007 1101000119103 1091000119108 101301000119106 16275741000119100


78275009 232531007 1101000119103 1091000119108 101301000119106 16275741000119100


78275009 232531007 1101000119103 1091000119108 101301000119106 16275741000119100











78275009 232531007 1101000119103 1091000119108 101301000119106 16275741000119100

78275009 232531007 1101000119103 1091000119108 101301000119106 16275741000119100

47545007 423574009 229308003 429487005 229310001 446573003 448134000 706226000 467645007 702172008 711347008 712828004 716580003 716581004 716582006

78275009 232531007 1101000119103 1091000119108 101301000119106 16275741000119100
78275009 232531007 1101000119103 1091000119108 101301000119106 16275741000119100
78275009 232531007 1101000119103 1091000119108 101301000119106 16275741000119100



78275009 232531007 1101000119103 1091000119108 101301000119106 16275741000119100


78275009 232531007 1101000119103 1091000119108 101301000119106 16275741000119100







78275009 232531007 1101000119103 1091000119108 101301000119106 16275741000119100
78275009 232531007 1101000119103 1091000119108 101301000119106 16275741000119100

