












274571007 274572000 38950008 702441001
72983001 404660006 416813006
























490008 14354006 47005005 52024008 54772001 58675001 68372009 126668007 92461001 92779001 94118008 94656008 95158003 110902000 118670006 125589001 128518001 129134004 180745008 195708003 281794004 301186004 361381009 363086001 364029002 54150009 201060008 449066004 54398005 6071000119100 10685111000119102 142941000119109 142921000119103 328531000119104 715882005 716673006 719522009 723880004










473055007










284009009 394898006 398231003 410675002 424154003 386360003 386352004 433066006 434716004 431465006 386355002 432978001 406188003 406172003 431695009 431952007 431784008 386350007 386359008 432844008 431230009 432907007 432021006 431215000 433590000 432080009 386357005 433205004 431464005 386353009 434589000 386358000 431224009 432977006 386362006 386356001 432020007 386363001 439851003 439852005 439792001 439728005 698350008 698511005 698802001 711613003 712489002 712753009 572391000119109 572431000119104 719908001

169067003 431714002


231839000 253205005









418078000 420150003 419825008 419566002 419326002


43124005 60497006 186850003 216619005 238908006 427617000 699301008 707862002 707861009 714974000 721265008 721266009 721767001 724870009 724854007 731523006 731524000


76899008









274571007 274572000 38950008 702441001







