










6497000 35425004 48499001 60621009 162863004 162864005 301331008 310252000 408512008 412768003 427090001 446974000 448051009 698094009 701072008 705131003 715456008 722562008 722563003 722595002










44054006 190388001 190389009 190390000 199230006 237599002 237627000 313436004 314902007 314903002 314904008 420436000 422166005 421631007 420279001 420715001 421750000 422099009 422034002 704146003











36485005 427777003 427908002 103851000119100 103871000119109 35491000119107





170804003 445033007










38341003 170581003 170582005 163028000
441829007


8087008 37966008 43802008 189864004







233844002 240567009 304915008 371803003 371804009 371915000 194842008 194843003 233817007 53741008 420006002 428375006 428308007 430091005 472100003 473146006 473449006 699196002 703273002 703356002


















6497000 35425004 48499001 60621009 162863004 162864005 301331008 310252000 408512008 412768003 427090001 446974000 448051009 698094009 701072008 705131003 715456008 722562008 722563003 722595002

708018005















