
308882008 442805003 473215001


50519007 110494001 110496004 243354008 245553003 255497008 301717006 448265002 449092006 722395001 1080241000119104 722413006 1080231000119108








197315008 50325005 722866000




197315008 50325005 722866000

























443243004 473133001
309896007
























85921000119107



301717006













16208003 39545002 61745006 82285009 183061003 226109004 226111008 226112001 226113006




16208003 39545002 61745006 82285009 183061003 226109004 226111008 226112001 226113006




16208003 39545002 61745006 82285009 183061003 226109004 226111008 226112001 226113006

