

















8074002 233858000 250989005 276795005 409712001 286031000119106 703359009 721841001









3424008 6285003


361137007

















3424008 6285003

39677007

1380006 82415003


278299007 713233004 713234005
278299007 713233004 713234005

278299007 713233004 713234005



278299007 713233004 713234005


702927004
3424008 6285003 428586009
3424008 6285003 428586009


135833008 161941007 267036007 60845006
266882009 297242006 64041000119100
161639008 161640005 315016007 394688002 394689005 394690001

315619001 315620007 315621006 315622004

135833008 161941007 267036007 60845006
446050000 709006008





733495001















