


115929007 127450006



281122004 385887004 390809004 390810009 391035008 391036009 391038005 391041001 391042008 391043003 391054008 391281002 410223002 410226005 410229003 410232000 439312002 446812005 446008000 704046000 707290007 723559001













446050000 709006008




446050000 709006008






































135833008 161941007 267036007 60845006
83898004 11851006 703327002 708121009


36485005 427777003 427908002 103851000119100 103871000119109 35491000119107



40979000


40979000
40979000
706225001




















135833008 161941007 267036007 60845006
