

7305005 13867009 15946006 25736000 43654001 72242008 175339005 274022008 428071007 443531001 443829004 448785002 449271003 450312003 450304006 450305007 450313008 460918005 698643003



83330001 122487007 125963005 125964004 175211006 175212004 175214003 175218000 233199008 253685001 265859004 441676000 445089003 461096001 461094003 461099008 461091006 461095002 461386003 450314002 461397003 60911000119109 698642008 140641000119100 703534001 722211006


83330001 122487007 125963005 125964004 175211006 175212004 175214003 175218000 233199008 253685001 265859004 441676000 445089003 461096001 461094003 461099008 461091006 461095002 461386003 450314002 461397003 60911000119109 698642008 140641000119100 703534001 722211006

312207008 64041000119100

83330001 122487007 125963005 125964004 175211006 175212004 175214003 175218000 233199008 253685001 265859004 441676000 445089003 461096001 461094003 461099008 461091006 461095002 461386003 450314002 461397003 60911000119109 698642008 140641000119100 703534001 722211006
163153004
16464661000119103





83330001 122487007 125963005 125964004 175211006 175212004 175214003 175218000 233199008 253685001 265859004 441676000 445089003 461096001 461094003 461099008 461091006 461095002 461386003 450314002 461397003 60911000119109 698642008 140641000119100 703534001 722211006


83330001 122487007 125963005 125964004 175211006 175212004 175214003 175218000 233199008 253685001 265859004 441676000 445089003 461096001 461094003 461099008 461091006 461095002 461386003 450314002 461397003 60911000119109 698642008 140641000119100 703534001 722211006

83330001 122487007 125963005 125964004 175211006 175212004 175214003 175218000 233199008 253685001 265859004 441676000 445089003 461096001 461094003 461099008 461091006 461095002 461386003 450314002 461397003 60911000119109 698642008 140641000119100 703534001 722211006


83330001 122487007 125963005 125964004 175211006 175212004 175214003 175218000 233199008 253685001 265859004 441676000 445089003 461096001 461094003 461099008 461091006 461095002 461386003 450314002 461397003 60911000119109 698642008 140641000119100 703534001 722211006
175212004
83330001 122487007 125963005 125964004 175211006 175212004 175214003 175218000 233199008 253685001 265859004 441676000 445089003 461096001 461094003 461099008 461091006 461095002 461386003 450314002 461397003 60911000119109 698642008 140641000119100 703534001 722211006

253596003 6996004 399228007 425785006 448475002 449354002


83330001 122487007 125963005 125964004 175211006 175212004 175214003 175218000 233199008 253685001 265859004 441676000 445089003 461096001 461094003 461099008 461091006 461095002 461386003 450314002 461397003 60911000119109 698642008 140641000119100 703534001 722211006
4387005 11933006 12363009 29474003 42532000 55698005 62118003 62820003 69051005 71346006 75078003 75409000 83698002 86299006 174814003 174815002 174817005 174818000 233049006 253512000 253513005 253514004 399228007 425785006 448302004 448007000 36601000119109
12445005 28886004 30288003 52930005 62118003 75078003 76025005 80387009 80733000 86299006 86971008 89814007 109427000 109428005 123714004 204312002 204330009 109430007 233047008 233099005 233100002 233104006 233127003 233129000 233130005 233846000 253298003 253299006 253300003 253415001 253416000 253417009 253418004 253422009 253515003 253551005 253552003 253553008 253554002 253555001 253556000 253559007 253562005 253563000 253564006 253565007 253566008 253567004 253568009 253569001 253570000 253571001 253591008 360481003 44777001 7484005 94706008 373131000 384648009 439707001 439714004 442087005 443260009 445299003 445264002 445334007 253420001 253419007 447698003 449385006 449525009 449526005 448827000 448062009 449190000 448794008 448871001 448876006 447941008 447942001 449524008 449379004 448155003 447852001 448118003 447670001 447671002 447672009 447675006 448331000 448201009 448780007 448411000 449503003 447777009 447778004 449178002 448475002 448516008 447838003 447839006 448182006 448183001 448184007 253421002 448919005 459161004 459172009 459181003 460358000 472770005 472771009 472795006 472796007 472807003 473118009 471280008 698944006 699078008 37851000119107 703519007 704450003
83330001 122487007 125963005 125964004 175211006 175212004 175214003 175218000 233199008 253685001 265859004 441676000 445089003 461096001 461094003 461099008 461091006 461095002 461386003 450314002 461397003 60911000119109 698642008 140641000119100 703534001 722211006
83330001 122487007 125963005 125964004 175211006 175212004 175214003 175218000 233199008 253685001 265859004 441676000 445089003 461096001 461094003 461099008 461091006 461095002 461386003 450314002 461397003 60911000119109 698642008 140641000119100 703534001 722211006
83330001 122487007 125963005 125964004 175211006 175212004 175214003 175218000 233199008 253685001 265859004 441676000 445089003 461096001 461094003 461099008 461091006 461095002 461386003 450314002 461397003 60911000119109 698642008 140641000119100 703534001 722211006


83330001 122487007 125963005 125964004 175211006 175212004 175214003 175218000 233199008 253685001 265859004 441676000 445089003 461096001 461094003 461099008 461091006 461095002 461386003 450314002 461397003 60911000119109 698642008 140641000119100 703534001 722211006
83330001 122487007 125963005 125964004 175211006 175212004 175214003 175218000 233199008 253685001 265859004 441676000 445089003 461096001 461094003 461099008 461091006 461095002 461386003 450314002 461397003 60911000119109 698642008 140641000119100 703534001 722211006


83330001 122487007 125963005 125964004 175211006 175212004 175214003 175218000 233199008 253685001 265859004 441676000 445089003 461096001 461094003 461099008 461091006 461095002 461386003 450314002 461397003 60911000119109 698642008 140641000119100 703534001 722211006


83330001 122487007 125963005 125964004 175211006 175212004 175214003 175218000 233199008 253685001 265859004 441676000 445089003 461096001 461094003 461099008 461091006 461095002 461386003 450314002 461397003 60911000119109 698642008 140641000119100 703534001 722211006




167025001 167026000

83330001 122487007 125963005 125964004 175211006 175212004 175214003 175218000 233199008 253685001 265859004 441676000 445089003 461096001 461094003 461099008 461091006 461095002 461386003 450314002 461397003 60911000119109 698642008 140641000119100 703534001 722211006


3424008 6285003

83330001 122487007 125963005 125964004 175211006 175212004 175214003 175218000 233199008 253685001 265859004 441676000 445089003 461096001 461094003 461099008 461091006 461095002 461386003 450314002 461397003 60911000119109 698642008 140641000119100 703534001 722211006
37727007
83330001 122487007 125963005 125964004 175211006 175212004 175214003 175218000 233199008 253685001 265859004 441676000 445089003 461096001 461094003 461099008 461091006 461095002 461386003 450314002 461397003 60911000119109 698642008 140641000119100 703534001 722211006
83330001 122487007 125963005 125964004 175211006 175212004 175214003 175218000 233199008 253685001 265859004 441676000 445089003 461096001 461094003 461099008 461091006 461095002 461386003 450314002 461397003 60911000119109 698642008 140641000119100 703534001 722211006
83330001 122487007 125963005 125964004 175211006 175212004 175214003 175218000 233199008 253685001 265859004 441676000 445089003 461096001 461094003 461099008 461091006 461095002 461386003 450314002 461397003 60911000119109 698642008 140641000119100 703534001 722211006
83330001 122487007 125963005 125964004 175211006 175212004 175214003 175218000 233199008 253685001 265859004 441676000 445089003 461096001 461094003 461099008 461091006 461095002 461386003 450314002 461397003 60911000119109 698642008 140641000119100 703534001 722211006


72352009 233862006 449116007 448819009 448790004 460517008 722211006
83330001 122487007 125963005 125964004 175211006 175212004 175214003 175218000 233199008 253685001 265859004 441676000 445089003 461096001 461094003 461099008 461091006 461095002 461386003 450314002 461397003 60911000119109 698642008 140641000119100 703534001 722211006
83330001 122487007 125963005 125964004 175211006 175212004 175214003 175218000 233199008 253685001 265859004 441676000 445089003 461096001 461094003 461099008 461091006 461095002 461386003 450314002 461397003 60911000119109 698642008 140641000119100 703534001 722211006

83330001 122487007 125963005 125964004 175211006 175212004 175214003 175218000 233199008 253685001 265859004 441676000 445089003 461096001 461094003 461099008 461091006 461095002 461386003 450314002 461397003 60911000119109 698642008 140641000119100 703534001 722211006








83330001 122487007 125963005 125964004 175211006 175212004 175214003 175218000 233199008 253685001 265859004 441676000 445089003 461096001 461094003 461099008 461091006 461095002 461386003 450314002 461397003 60911000119109 698642008 140641000119100 703534001 722211006
83330001 122487007 125963005 125964004 175211006 175212004 175214003 175218000 233199008 253685001 265859004 441676000 445089003 461096001 461094003 461099008 461091006 461095002 461386003 450314002 461397003 60911000119109 698642008 140641000119100 703534001 722211006

83330001 122487007 125963005 125964004 175211006 175212004 175214003 175218000 233199008 253685001 265859004 441676000 445089003 461096001 461094003 461099008 461091006 461095002 461386003 450314002 461397003 60911000119109 698642008 140641000119100 703534001 722211006

72352009 233862006 449116007 448819009 448790004 460517008 722211006


83330001 122487007 125963005 125964004 175211006 175212004 175214003 175218000 233199008 253685001 265859004 441676000 445089003 461096001 461094003 461099008 461091006 461095002 461386003 450314002 461397003 60911000119109 698642008 140641000119100 703534001 722211006


6317000 21717004 23326007 23848006 24047005 24094002 24279008 25559009 26495009 50408007 53717005 55219005 57121005 59348006 70162000 73785009 83147007 86642005 175224006 175238004 185529006 185632000 185733002 185836004 185938004 186038005 186120009 186196009 186262005 186333007 186396001 186483001 186559006 233073003 233145003 233146002 244234004 253635005 253636006 253637002 253638007 253708008 118759008 314220005 314309007 426506002 429620002 443696003 445106006 445209005 447571007 448637008 448086006 447925007 447926008 448059006 449433008 449576007 447788003 447950005 448078006 448079003 448510002 449551006 449559008 450310006 450301003 450302005 450308009 460312001 460387004 460582006 460954009 461102008 461395006 461404003 460375006 458039003 703244000 707477002 707371002


83330001 122487007 125963005 125964004 175211006 175212004 175214003 175218000 233199008 253685001 265859004 441676000 445089003 461096001 461094003 461099008 461091006 461095002 461386003 450314002 461397003 60911000119109 698642008 140641000119100 703534001 722211006

