

275719008
399957001 431545001 430305000 430301009
399957001 431545001 430305000 430301009

399957001 431545001 430305000 430301009


399957001 431545001 430305000 430301009


5091004 127014009 134379001 233958001 308071004 400047006 399957001 413988000 428171009 473109007 34881000119105 102631000119103 31211000119101

399957001 431545001 430305000 430301009
399957001 431545001 430305000 430301009






399957001 431545001 430305000 430301009


399957001 431545001 430305000 430301009
38341003 170581003 170582005 163028000





399957001 431545001 430305000 430301009


251042004 399957001



211985006 211990009 211993006 211995004 212000004 212003002


27246003 86051001 90328000 171008008 713514005

211985006 211990009 211993006 211995004 212000004 212003002


211985006 211990009 211993006 211995004 212000004 212003002



38341003 170581003 170582005 163028000
438367009 713678009


5091004 127014009 134379001 233958001 308071004 400047006 399957001 413988000 428171009 473109007 34881000119105 102631000119103 31211000119101
399957001 431545001 430305000 430301009

5091004 127014009 134379001 233958001 308071004 400047006 399957001 413988000 428171009 473109007 34881000119105 102631000119103 31211000119101
5091004 127014009 134379001 233958001 308071004 400047006 399957001 413988000 428171009 473109007 34881000119105 102631000119103 31211000119101
399957001 431545001 430305000 430301009

20696009 402670007 440346008 725958000

5091004 127014009 134379001 233958001 308071004 400047006 399957001 413988000 428171009 473109007 34881000119105 102631000119103 31211000119101
20696009 402670007 440346008 725958000
5091004 127014009 134379001 233958001 308071004 400047006 399957001 413988000 428171009 473109007 34881000119105 102631000119103 31211000119101
399957001 431545001 430305000 430301009
399957001 431545001 430305000 430301009
251042004 399957001

399957001 431545001 430305000 430301009


399957001 431545001 430305000 430301009

399957001 431545001 430305000 430301009



399957001 431545001 430305000 430301009

5091004 127014009 134379001 233958001 308071004 400047006 399957001 413988000 428171009 473109007 34881000119105 102631000119103 31211000119101
399957001 431545001 430305000 430301009

9422000 15346004 17888004 28036006 77499008 115332003 115333008 121791001 121792008 250742000 250743005 259426004 259557002 259558007 259559004 259560009 259623000 301870008 102737005 104583003 439953004 443835004 448834003 314035000 271059008 314012003 166832000 313811003 104990004 314013008 312260007 167072001 313990000 167073006 166838001 166839009 166842003 313989009 166854003 111231000119109 707123009 707127005 707086001 707126001 707124003 707084003 707128000 707122004 707125002
22244007 22644003 56516007 113079009 130433004 226117007 250743005 259419004 259426004 259561008 259562001 259563006 259564000 259565004 259566003 259567007 259568002 259570006 259623000 301869007 102739008 102740005 17534000 398036000 104585005 37932004 441665004 444226008 445445006 445010006 448955002 313994009 104992007 166855002 313992008 314012003 314036004 166833005 314013008 313551005 167074000 395065005 313993003 403829002 167075004 403830007 104993002 166834004 166856001 166840006 313830003 166841005 313991001 707102003 707096005 707097001 707099003 707105001 707094008 707104002 707093002 707100006 707095009 707101005 707103008

399957001 431545001 430305000 430301009
399957001 431545001 430305000 430301009
399957001 431545001 430305000 430301009


399957001 431545001 430305000 430301009

399957001 431545001 430305000 430301009
401221002 401223004 446841001 401224005 401225006 698359009 401222009 698451006 701682008
399957001 431545001 430305000 430301009

238060000 238066006
