5091004 127014009 134379001 233958001 308071004 400047006 399957001 413988000 428171009 473109007 34881000119105 102631000119103 31211000119101


201250006 201251005 201252003 371087003 414890007 414906009 1521000119100 10995761000119100 713130008 713150007 714664001 10660471000119109 10661671000119102
201250006 201251005 201252003 371087003 414890007 414906009 1521000119100 10995761000119100 713130008 713150007 714664001 10660471000119109 10661671000119102
5091004 127014009 134379001 233958001 308071004 400047006 399957001 413988000 428171009 473109007 34881000119105 102631000119103 31211000119101

5091004 127014009 134379001 233958001 308071004 400047006 399957001 413988000 428171009 473109007 34881000119105 102631000119103 31211000119101



225943002 225956009 78648007 407560009 413590008 702480009 702479006 704360006 704418008 707085002 711126000



5091004 127014009 134379001 233958001 308071004 400047006 399957001 413988000 428171009 473109007 34881000119105 102631000119103 31211000119101
438367009 713678009
5091004 127014009 134379001 233958001 308071004 400047006 399957001 413988000 428171009 473109007 34881000119105 102631000119103 31211000119101

5091004 127014009 134379001 233958001 308071004 400047006 399957001 413988000 428171009 473109007 34881000119105 102631000119103 31211000119101



5091004 127014009 134379001 233958001 308071004 400047006 399957001 413988000 428171009 473109007 34881000119105 102631000119103 31211000119101







5091004 127014009 134379001 233958001 308071004 400047006 399957001 413988000 428171009 473109007 34881000119105 102631000119103 31211000119101

266882009 297242006 429958001 429959009 433305001 64041000119100
5091004 127014009 134379001 233958001 308071004 400047006 399957001 413988000 428171009 473109007 34881000119105 102631000119103 31211000119101



















5148006 5375005 10633002 36315003 42343007 60899001 66989003 74960003 77970009 80479009 82523003 83105008 88805009 90727007 92506005 134378009 194767001 194779001 194781004 403298007 426611007 426263006 433305001 438367009 96311000119109 67431000119105 67441000119101 101281000119107 698296002 698594003 50781000119109 23341000119109 72481000119103 15781000119107 702843005 708018005 11016261000119104 713678009 720700006 15629591000119103 15629541000119106 717840005

5091004 127014009 134379001 233958001 308071004 400047006 399957001 413988000 428171009 473109007 34881000119105 102631000119103 31211000119101

251042004 399957001


233844002 240567009 304915008 371803003 371804009 371915000 194842008 194843003 233817007 53741008 420006002 428375006 428308007 430091005 472100003 473146006 473449006 699196002 703273002 703356002
5091004 127014009 134379001 233958001 308071004 400047006 399957001 413988000 428171009 473109007 34881000119105 102631000119103 31211000119101


38341003 170581003 170582005 163028000

399957001 431545001 430305000 430301009
399957001 431545001 430305000 430301009




233844002 240567009 304915008 371803003 371804009 371915000 194842008 194843003 233817007 53741008 420006002 428375006 428308007 430091005 472100003 473146006 473449006 699196002 703273002 703356002
5091004 127014009 134379001 233958001 308071004 400047006 399957001 413988000 428171009 473109007 34881000119105 102631000119103 31211000119101

5091004 127014009 134379001 233958001 308071004 400047006 399957001 413988000 428171009 473109007 34881000119105 102631000119103 31211000119101

160363004 230716006 230717002 266257000 413124000 415630002 415631003 415629007 415628004 417540008 417059002 161511000 438367009 160271002 444172003 473129008 704127004 705146005 710575003 140221000119109 713678009


160363004 230716006 230717002 266257000 413124000 415630002 415631003 415629007 415628004 417540008 417059002 161511000 438367009 160271002 444172003 473129008 704127004 705146005 710575003 140221000119109 713678009

5091004 127014009 134379001 233958001 308071004 400047006 399957001 413988000 428171009 473109007 34881000119105 102631000119103 31211000119101


5091004 127014009 134379001 233958001 308071004 400047006 399957001 413988000 428171009 473109007 34881000119105 102631000119103 31211000119101

5091004 127014009 134379001 233958001 308071004 400047006 399957001 413988000 428171009 473109007 34881000119105 102631000119103 31211000119101



5091004 127014009 134379001 233958001 308071004 400047006 399957001 413988000 428171009 473109007 34881000119105 102631000119103 31211000119101


233844002 240567009 304915008 371803003 371804009 371915000 194842008 194843003 233817007 53741008 420006002 428375006 428308007 430091005 472100003 473146006 473449006 699196002 703273002 703356002


5091004 127014009 134379001 233958001 308071004 400047006 399957001 413988000 428171009 473109007 34881000119105 102631000119103 31211000119101
5091004 127014009 134379001 233958001 308071004 400047006 399957001 413988000 428171009 473109007 34881000119105 102631000119103 31211000119101
