



38341003 170581003 170582005 163028000
134439009 233844002 315016007 315021005 315038009 315039001 315290008 315348000 315614006 390799004 390907003 394724007 401247006 401248001 401250009 401251008 401252001 401253006 401254000 401331007 401332000 407612004 412781005 53741008 426579008 170601008 450759008 699195003 703273002
8074002 233858000 250989005 276795005 409712001 286031000119106 703359009 721841001


161639008 161640005 315016007 394688002 394689005 394690001 609389009 609388001


282006 15990001 30277009 52035003 54329005 57054005 58612006 59063002 62695002 64627002 65547006 70211005 70998009 71023004 73795002 76593002 79009004 194861007 194862000 194863005 194865003 194866002 194867006 194868001 233835003 233838001 233846000 233847009 304914007 315287002 401303003 401314000 194809007 285991000119100 285981000119103 23311000119105 17531000119105 78741000119103 703213009 703164000 703165004 703212004 703251009 703252002 703253007 703330009 703328007 703326006 15712921000119103 15713041000119103 15712841000119100 15713201000119105 15712881000119105 15712961000119108 15713121000119105 15713161000119100 15713081000119108 285721000119104 15960981000119105 723858002 723859005 723860000 723861001




















81573002 193177003 238881001 239918008 105969002 398021003 402657003 403408001 398049005 472961001 697903007 703333006 704141008 146081000119104 711379004 300161000119106


81573002 193177003 238881001 239918008 105969002 398021003 402657003 403408001 398049005 472961001 697903007 703333006 704141008 146081000119104 711379004 300161000119106





5148006 5375005 10633002 36315003 42343007 60899001 66989003 74960003 77970009 80479009 82523003 83105008 88805009 90727007 92506005 134378009 194767001 194779001 194781004 403298007 426611007 426263006 433305001 438367009 96311000119109 67431000119105 67441000119101 101281000119107 698296002 698594003 50781000119109 23341000119109 72481000119103 15781000119107 702843005 708018005 11016261000119104 713678009 720700006 15629591000119103 15629541000119106 717840005


304213008




















233844002 240567009 304915008 371803003 371804009 371915000 194842008 194843003 233817007 53741008 420006002 428375006 428308007 430091005 472100003 473146006 473449006 699196002 703273002 703356002









276769008 276780008 276781007






135833008 161941007 267036007 60845006



51936002 82041004 103629003

76388001 401303003 401314000 285991000119100 285981000119103 698593009 703164000 703210007 703213009 703165004 703211006 703209002 703253007 703360004 705007006 705008001 705013002 705010004 705012007 705006002 705095008 15712921000119103 15713041000119103 15712841000119100 15713201000119105 15712881000119105 15712961000119108 15713121000119105 15713161000119100 15713081000119108 285721000119104


76388001 401303003 401314000 285991000119100 285981000119103 698593009 703164000 703210007 703213009 703165004 703211006 703209002 703253007 703360004 705007006 705008001 705013002 705010004 705012007 705006002 705095008 15712921000119103 15713041000119103 15712841000119100 15713201000119105 15712881000119105 15712961000119108 15713121000119105 15713161000119100 15713081000119108 285721000119104


34975003 38563006 40403005 44354003 72055001 80254008 128952006 128953001 360333006




