
135796009 135806009 135823000 135825007 292452004 293994004 373304005 48698004 408491002 413175002 418559008 406769001 291288009 296357009 296356000 291287004 722047001




38341003 170581003 170582005 163028000


361137007





314991008 127021009 363355002 369763006 369890007 369891006 91967007 396087008 396088003 396210009 396212001 396213006 396532004 396533009 397324002


135833008 161941007 267036007 60845006


3424008 6285003









446050000 709006008

















135833008 161941007 267036007 60845006
444981005


289596002










233905006
1098861000119103

102912007 709477009




46177005 429075005 428937001 428982002 1801000119106 285841000119104 286371000119107 698810000 153891000119101 704667004 127991000119101 90791000119104 128001000119105 90771000119100 707324008 712487000 111411000119103 16218721000119107




3424008 6285003















8074002 233858000 250989005 276795005 409712001 286031000119106 703359009 721841001






