









62014003 95903000 185100004 218868004 218916005 292038009 292101006 292125003 292162001 292176000 292197004 292265006 292275009 292279003 292309000 292419005 292443008 292548001 292565005 292620007 292671009 292681008 292703002 292800009 292826004 292847000 292920009 293059009 293070002 293072005 293077004 293080003 293136001 293261009 293417004 293436009 293496007 292100007 292258003 292418002 292670005 293416008 385797002 396079007 396081009 402755003 293567009 417229001 417055008 419511003 419901001 430136001 430400006 441940003 448090008 448091007 448177004 448178009 450990004 450981006 708809007 713139009 302985004 714665000 219035003 219008007




















3368006

86680006
































135833008 161941007 267036007 60845006




135833008 161941007 267036007 60845006
49956009 56272000 113110002 128055005 134399007 161508001 197001004 200232006 200233001 200237000 200238005 213220000 225999004 234041004 234044007 14534009 17920008 401186003 128053003 404223003 413459009 413956008 429053008 427775006 427776007 431883007 432805000 439993001 438785004 443210003 444325005 651000119108 132601000119102 134961000119104 132191000119103 135011000119102 135001000119100 132151000119108 132291000119106 132261000119104 132161000119105 132201000119100 132251000119101 132301000119107 702845003 703277001 709687000 141911000119100 710167004 285381000119104

















361138002


361138002






