






































5148006 5375005 10633002 36315003 42343007 60899001 66989003 74960003 77970009 80479009 82523003 83105008 88805009 90727007 92506005 134378009 194767001 194779001 194781004 403298007 426611007 426263006 433305001 438367009 96311000119109 67431000119105 67441000119101 101281000119107 698296002 698594003 50781000119109 23341000119109 72481000119103 15781000119107 702843005 708018005 11016261000119104 713678009 720700006 15629591000119103 15629541000119106 717840005








446050000 709006008
68372009
78275009 232531007 1101000119103 1091000119108 101301000119106 16275741000119100
1266002 39201003 39895008 40723007 60442001 95813007 194315002 194318000 232247005 267672001 307497002 48523008 7361000119105




47545007 423574009 229308003 429487005 229310001 446573003 448134000 706226000 467645007 702172008 711347008 712828004 716580003 716581004 716582006



171230000 196001008 313296004 313297008 313299006 13645005 390891009 390941006 394702007 394703002 395159008 401184000 401185004 401200002 408552005 412776001 413845009 414087000 445312005 445192002 445602009 445811006 446660005 473202005 473223004 697911002 408501008 702839006 704120002 704121003 704123000 195951007 135836000 10692761000119107 716358000 723245007















722095005 733137002 733138007 733139004
722095005 733137002 733138007 733139004






105977003















