

19995004 173605003 235626005 235627001

















1266002 39201003 39895008 40723007 60442001 95813007 194315002 194318000 232247005 267672001 307497002 48523008 7361000119105




47545007 423574009 229308003 429487005 229310001 446573003 448134000 706226000 467645007 702172008 711347008 712828004 716580003 716581004 716582006



171230000 196001008 313296004 313297008 313299006 13645005 390891009 390941006 394702007 394703002 395159008 401184000 401185004 401200002 408552005 412776001 413845009 414087000 445312005 445192002 445602009 445811006 446660005 473202005 473223004 697911002 408501008 702839006 704120002 704121003 704123000 195951007 135836000 10692761000119107 716358000 723245007







45467006 443180000




















264957007 281584007 709113006 717690007













248548009 60845006 390870001






64181000119106

3424008 6285003 428586009









3424008 6285003








