69878008


69878008
224994002 44772007
69878008
69878008

61745006 182955009 183065007 226124008 226125009 66539004
69878008
69878008
69878008



69878008




370783000





248309005 248310000

248314009 248317002 248318007 248319004 248320005 248321009 248322002 363793005 366535007






69878008





69878008


69878008


69878008

69878008

69878008


69878008




271607001 299676003 299677007 299678002 299679005
299676003




69878008





69878008



69878008
69878008





69878008




69878008
733495001

69878008

69878008
69878008

69878008


69878008

